2 221 101   
2 216 181  
3 167 14 16  
4 0 3 248 206  
2 234 243  
3 36 42 247  
3 180 250 183  
3 33 270 151  
2 179 292  
4 65 109 115 67  
2 116 145  
4 296 53 160 262  
4 168 122 26 112  
3 54 17 1  
3 34 214 257  
5 108 222 268 235 30  
2 85 138  
3 275 81 154  
3 87 117 106  
2 41 98  
3 184 27 37  
3 164 82 215  
2 249 219  
3 99 281 124  
1 212  
3 110 170 84  
2 88 196  
2 75 287  
2 103 201  
3 80 139 135  
3 72 102 78  
3 4 146 155  
3 8 207 293  
4 7 188 90 280  
2 294 244  
3 148 258 189  
4 134 64 191 119  
2 162 205  
2 259 288  
4 159 255 251 274  
3 286 174 223  
4 246 158 192 130  
5 299 230 68 46 2  
2 203 35  
4 24 96 269 279  
2 133 11  
4 210 28 5 123  
3 62 86 25  
4 161 204 264 52  
4 127 89 66 132  
3 13 185 233  
3 260 131 77  
2 276 59  
4 136 241 93 55  
3 220 73 49  
3 92 237 297  
3 95 271 175  
4 58 32 266 211  
3 137 118 43  
2 290 284  
3 227 217 47  
4 193 39 6 12  
3 15 70 186  
4 218 111 231 165  
3 273 50 256  
3 150 51 126  
2 285 69  
2 225 83  
3 107 295 252  
3 74 45 141  
2 144 48  
4 56 29 236 272  
4 105 128 147 182  
3 18 163 229  
3 171 121 278  
3 187 253 10  
3 263 239 114  
3 38 177 143  
2 63 71  
3 125 190 194  
3 156 199 120  
3 261 195 228  
4 60 172 61 208  
3 200 298 142  
3 57 76 176  
3 19 197 94  
3 198 157 242  
1 213  
3 267 23 152  
4 44 277 31 178  
4 129 40 291 97  
3 79 140 149  
2 245 240  
3 226 100 173  
3 21 209 104  
3 113 282 289  
3 224 202 265  
4 91 254 283 9  
3 232 20 169  
4 166 22 238 153  
