29 48 1218 5712 9190 8194 2984 883 1330 4224 2037 3221 17 5561 8336 2587 8930 7925 3730 4923 2092 3720 3932 7740 7676 7073 9061 8607 4683 9970 
36 84 5517 135 956 4016 6454 5650 85 8595 7066 1299 9789 4104 3924 9479 7368 77 7708 8432 8680 8946 5109 3467 7514 5144 5784 123 5871 2823 7269 7964 3369 6521 6271 8375 2225 
36 88 2296 6558 7314 6842 9164 8042 5453 6643 1631 9265 3062 106 6930 8316 5534 1748 5163 7149 5472 9213 1753 3979 5098 6801 8172 2101 1703 4931 7359 5141 4267 7001 4951 9334 8582 
29 187 5858 4299 9769 1723 8575 6638 7203 6719 1862 6476 1872 4924 9229 6462 1761 4898 116 4262 2336 5196 5118 6972 9528 9147 900 8452 6514 8217 
13 303 1625 9631 9483 9778 9418 9762 6229 4325 6273 3046 4909 3408 
20 474 1904 211 7275 7508 9584 6389 4768 916 7402 2016 9435 3917 3927 7295 5231 3800 747 2503 1114 
23 568 2518 1 4595 9858 8245 9838 1840 2808 1395 1914 2364 7076 8495 6376 4732 3018 5680 2620 4308 7069 1510 1134 
33 677 6529 7319 8816 9002 8236 475 4605 993 9132 5702 4871 9992 2557 5278 4523 9739 1824 3076 1906 45 3517 9982 6623 6427 7431 3464 1336 4230 1301 4554 2090 9860 
23 719 2076 5951 6081 1912 1008 130 3231 6036 2375 7259 2861 6891 2430 5634 4129 2888 6007 1403 2583 898 6650 2658 
22 837 2230 1276 9104 9071 9537 7239 8510 1799 5302 8901 4343 6378 2218 9919 9824 9840 1129 9198 9241 5865 5953 
34 1066 6656 1512 168 5888 266 1835 871 9928 8058 4302 8928 7920 2835 2063 3536 2950 2068 9674 2582 2974 9081 6524 2792 7159 9036 5555 6872 944 4795 2170 316 2656 7393 
15 1178 2355 1459 4832 4340 1814 1342 9548 1446 3774 2579 2638 6428 9271 1545 
31 1209 3197 5393 8328 3557 9457 7448 4798 5260 3421 2907 2229 680 4590 433 473 6020 619 441 2646 8975 3187 8777 9069 5121 7888 8683 5311 1581 5294 2659 
16 1315 8586 9744 2181 3232 5437 2192 7267 7630 9658 9930 8824 8948 8106 1055 8301 
23 1335 9128 1588 4207 1601 4101 241 2696 2044 7118 5193 1779 4767 5289 6104 2614 5004 3447 1286 180 9540 5731 3288 
25 1515 3865 7236 4482 895 4913 7513 7562 1752 536 2829 6963 5411 7587 6712 3123 6542 4420 5765 8769 4972 8685 7600 8701 5415 
22 1543 3138 199 8653 8546 8987 1541 2938 2444 6312 4075 453 3489 8197 4739 9295 5059 8384 1191 2200 795 181 
27 1560 3849 4875 1508 6703 908 9822 3751 6292 3154 1217 8997 1918 2685 5850 2553 2778 9399 2146 3728 5560 3698 7617 3971 3327 9818 7410 
35 1757 7116 271 7876 782 7382 5187 7759 6251 5014 6156 1045 3752 3474 8428 2526 2740 6513 6176 7417 9594 8439 5336 521 1092 75 9491 1070 7850 1279 844 4611 729 9993 9829 
17 1900 1406 2626 9078 6718 6186 7190 5091 7531 7853 6686 8168 8091 4531 8327 4277 8113 
22 1992 6296 6420 4003 5352 1902 5913 2790 1051 6921 612 4330 6810 3222 8304 7802 6282 609 4385 4142 3861 4622 
30 2009 2539 3605 507 633 156 2292 2648 2977 2137 924 2024 5292 4947 8628 545 184 8317 4932 8972 9895 3852 7426 7204 3633 6693 1195 1454 5988 4268 
26 2135 5510 9316 3786 1640 4705 2060 1319 4204 8933 4881 183 104 2447 4748 3223 1089 1760 5745 4596 1185 5669 9960 430 2130 2897 
26 2356 6053 8521 4404 3502 2473 9948 7169 7907 5070 2693 2933 5704 8415 693 8200 8757 9618 7607 3552 5683 8503 5937 6258 759 9227 
14 2432 7687 2899 9965 9927 9967 9868 9956 955 4691 2277 8265 3724 9915 
26 2519 6485 2714 3396 3566 6078 5557 8413 4496 5094 4487 6038 1314 3495 3142 9946 9914 9942 3814 3604 2098 491 667 6461 4040 7460 
31 2571 8484 7891 9549 7685 3112 3493 3124 8695 374 821 1660 865 4787 8072 9998 3877 594 1538 3136 1780 3806 8604 1333 630 2822 9280 6334 5362 5825 4133 
11 2581 4314 2670 7394 4138 9924 8985 8568 4580 251 4177 
30 2695 5541 35 6305 8188 1189 189 516 2893 4358 1383 256 3300 6318 7107 8427 851 5590 1361 5277 132 8084 9415 7225 5800 9606 440 1680 1295 6911 
32 2920 3527 3317 4720 4141 607 9394 178 542 7078 6864 235 3137 9460 5166 7549 9233 4289 1373 7930 4961 2427 9126 5338 7261 1600 2764 4364 9782 757 2227 1006 
32 2949 6747 2523 6220 8128 5495 1369 8970 967 2760 1448 3645 592 356 8061 7124 4674 6054 8135 904 2750 3941 6535 8386 5429 5942 9775 7409 7311 980 5029 4120 
30 3156 6493 2106 9627 6473 5303 1647 4007 2732 6066 4776 6333 7389 1871 8289 4747 887 1058 42 305 2894 5103 1574 3479 6100 6892 4676 1219 9427 89 
25 3253 368 1455 5915 121 4866 7493 215 2607 4499 5794 7298 6583 9578 5671 3803 1161 7055 6136 4231 9383 6294 2322 7111 1646 
28 3580 7792 7379 9375 7595 7216 7150 7592 1466 4566 7164 2452 1702 3235 1566 7619 4036 7486 7500 5863 5468 3634 564 8853 8837 7664 6614 6441 
21 3629 3608 5564 5074 7793 5208 2694 2837 3139 1982 3455 7153 5985 6468 7307 1658 4257 2157 9878 4160 2276 
21 3696 3793 9641 5684 285 5268 6581 4950 1163 9448 9591 9883 7919 7126 4294 5432 4463 602 7863 5973 4281 
19 3869 7357 7355 7873 6416 2468 5486 2341 7507 3212 4620 4000 9318 7015 7954 9986 6348 2839 8535 
33 4008 8557 3572 4815 4020 3789 3477 3117 353 4491 7370 1104 9319 4772 8935 4710 9682 7063 6030 8221 1621 1505 7031 2761 62 9414 7144 345 7821 3252 8138 9940 6191 
22 4078 4196 565 8766 3740 4171 4541 159 2011 8780 3782 8819 8140 6578 9183 4454 7556 8170 2752 1765 2650 820 
28 4094 1414 7082 1564 2132 376 4099 4792 2866 3201 4979 4878 9080 9212 6923 7839 9423 5607 727 451 110 8356 8752 4928 9585 3652 1699 8527 
11 4309 3708 3901 5064 350 9722 5226 7218 8341 9909 9721 
21 4377 6135 6669 5711 7386 6570 3315 5824 9238 8111 8569 1136 6590 9665 2965 5164 287 9356 9745 8056 6834 
24 4435 284 164 2781 5853 6407 9234 8782 1785 3808 3233 7653 1351 43 5530 3956 2202 9149 6017 4864 6417 9648 8082 3111 
28 4525 8149 3990 8382 7557 3583 4854 6589 9505 8820 8148 1612 3963 1396 9783 9716 9798 1382 1486 6320 605 468 1878 6435 9596 9129 8726 1948 
35 4839 1170 109 1024 419 4826 2333 2927 3993 1886 1181 4355 4347 5219 4211 4824 3672 4486 304 3256 5357 6483 1941 824 114 2988 4849 2572 5820 6084 3219 1334 6032 3742 5819 
33 5018 1407 8713 6200 4658 5584 921 3203 4227 7081 6865 4784 5630 7594 5305 4055 1822 3213 6863 4135 217 5827 2476 9066 7518 1380 4484 3703 401 797 234 5758 4538 
26 5137 6971 9655 8996 9074 1679 4394 2599 3065 7788 8779 6734 5687 7175 478 604 192 7 6797 4956 3964 8589 5368 5817 2608 6016 
19 5299 8055 5983 6619 736 9136 5313 1854 2789 8060 9111 6219 6324 5330 5067 7906 9558 5253 1410 
25 5335 3049 2357 2711 9030 977 8609 952 2343 3509 9659 5353 9351 1772 5733 5068 6033 1853 4395 1548 9034 7482 7831 5474 3478 
42 5440 739 6110 9602 4109 9874 7312 4376 5783 4024 8806 3839 5910 4564 8491 3127 3556 4533 4692 8725 6522 3763 2563 8246 3195 7327 6528 6675 331 7590 3485 4110 7780 1244 8818 8983 6074 9676 8391 9277 2032 3346 
27 5868 502 3114 6927 4593 4371 6491 1302 9837 1639 7120 4121 6908 6171 4368 260 2284 972 2378 4362 207 9413 389 438 6881 327 2117 
28 5970 3005 1100 8040 8464 3119 2661 1109 2924 8257 1376 8525 2371 2617 1916 6254 6050 373 7308 38 3423 3162 2865 7509 2905 7951 5855 2203 
27 6002 5218 4352 7912 4503 7445 1257 1338 7415 2366 3308 4096 4128 7094 9194 4597 7699 5401 8771 3089 87 3206 9999 5434 4883 5592 5682 
28 6031 7479 7745 7762 1309 5619 6808 2272 2882 5172 3141 2960 6733 3406 186 786 6560 339 2018 418 5056 4416 7681 9260 8867 5737 298 8171 
20 6252 9070 3465 4117 5211 5041 1592 3292 6540 9629 7958 4210 4439 2932 5223 4922 79 746 5348 1015 
24 6403 8761 4195 40 1891 5301 8007 9103 2851 5956 9704 6117 7598 2236 6532 2267 3587 3497 5643 2120 5145 8132 7859 7376 
31 6412 5890 3512 1111 4986 7019 8272 2515 1790 7749 5909 6444 6774 1964 2700 4461 748 9102 9342 5677 7022 5066 8608 1549 4392 8790 6876 6944 8083 3589 6111 
27 6466 2603 4208 6206 7580 5816 8831 2981 4089 2948 272 852 5284 4567 7583 8738 4517 5568 7674 3820 4889 7667 165 6183 7158 3460 1190 
25 6670 8699 8440 4733 6966 7411 1169 1859 1259 6674 9056 8460 7879 7790 9237 8855 5705 7721 3006 6894 6688 2574 2625 9984 9910 
23 6783 6150 8146 6563 1381 6165 434 9480 9112 2995 3336 1298 1610 167 5781 1575 429 2746 1427 3836 3928 4803 5020 
26 7005 9191 4502 9705 6903 7208 3194 4966 709 4045 4328 7234 9859 6114 8345 1499 1042 1999 7528 760 4573 2469 8561 8000 8594 4929 
23 7013 9724 7898 3550 6799 1073 1519 6945 9510 227 9386 7973 1894 9173 620 7902 7437 5269 2211 6088 5923 566 3120 
14 7109 9710 8555 6805 2314 3974 4532 280 7949 6591 7725 8354 7678 8022 
25 7270 9963 4397 9980 7726 9141 7142 9114 9029 9072 1901 5747 220 2517 1036 7304 6964 4447 8036 7539 7349 3957 9711 2926 626 
30 7399 3426 3191 4409 7901 7856 5279 9028 3305 7221 2191 3606 692 9462 4459 1450 8247 2451 27 7280 3900 7421 2249 2070 2361 5839 4905 7996 2243 1139 
26 7463 7864 6155 7572 1500 5779 9135 6247 3685 716 3851 2234 2417 4248 3948 4582 5734 6823 9870 9740 9885 6401 4808 2806 7459 8618 
17 7475 7455 7346 7933 3622 3829 9849 4981 2636 6728 614 5350 28 9021 5898 9973 7621 
27 7928 5034 9636 9018 572 6762 8827 9438 7334 9790 2722 740 3494 6226 5367 4234 2584 7439 7258 2380 7050 5354 3143 3626 488 6365 4865 
18 7956 3947 9382 9620 9130 4017 2053 2500 5483 6315 179 5081 1362 8579 7044 4728 6959 2300 
26 7965 6404 3196 3024 3188 2497 5719 1667 6886 8973 1143 9230 4073 78 6130 155 8297 9509 367 2637 2827 4054 5443 6266 5854 9281 
32 8175 6794 1970 6503 146 4123 4213 9248 4236 30 4019 7525 5804 1029 238 4232 1072 3980 3353 9488 4765 3059 1401 8912 7332 54 1028 3922 783 2133 18 3631 
31 8292 6735 8614 6402 6871 1152 6062 3228 3469 2622 893 4515 670 9043 1501 8811 2777 7741 9621 2918 1268 3177 5028 4422 2725 5869 3415 2886 1479 6978 2964 
11 8310 8227 8749 4890 8153 7581 8488 4741 5058 7133 8874 
13 8640 892 442 1186 8298 3729 8004 9278 6517 8581 9918 5273 5586 
23 8773 9911 1875 2 4701 3404 2955 3072 449 3242 2552 2102 5463 5261 1648 4527 5325 7836 2145 3390 8939 6507 6221 
22 9256 9262 2706 6098 1643 2612 9474 2710 171 2793 470 3452 2676 4975 3183 3303 4284 5787 2474 9196 6212 8517 
21 9313 7325 7689 83 6231 8693 581 3178 8234 3659 8196 6661 931 784 5450 5469 4041 5499 7219 1898 3134 
29 9393 8209 5500 9487 7662 9392 9151 1282 5878 6253 3463 9779 1767 357 1402 1416 8992 2354 2678 2127 3998 4751 5283 1899 4399 5011 2623 5361 5125 
16 9504 9994 7620 5314 909 2340 5552 6803 9957 7897 1457 5152 5528 8678 6018 6063 
23 9707 9052 3354 9254 8348 9273 8719 8974 8475 694 201 5793 6225 7247 9791 1540 5197 4061 8275 1278 7228 4962 9131 
27 9913 9972 91 5994 6850 6681 5155 5140 3150 6714 7177 8729 7974 8887 5035 7240 5110 6918 4576 1556 882 1144 8195 9210 1377 5857 8377 
32 2465 3249 4260 6786 9890 7085 1684 8530 4585 6026 348 2979 2884 4552 5526 4775 5998 7659 2438 3186 405 6858 1078 5421 1740 9616 9515 9922 8923 9850 8374 6467 
24 9976 5572 3541 69 9702 7684 9785 6888 7645 1870 4746 731 7292 1262 2365 7345 5128 4900 7670 3440 4146 1484 8626 1022 
29 4379 3462 3108 9634 9179 7732 9381 5550 550 6684 5523 2923 5565 9250 9863 8335 8436 6510 3385 5648 5755 6781 1928 1849 2550 1095 4904 2410 7795 
36 3607 6199 2915 8434 6430 9538 1324 9475 9035 4400 4888 969 5770 1292 2901 2841 4675 4219 5786 5308 467 547 1786 2712 6628 4579 888 2860 5378 7084 1877 5129 6895 3298 4568 9673 
34 5497 5727 3579 2928 3991 951 4493 494 8851 6041 4111 6839 5092 9843 8549 9239 6469 1171 815 8875 226 6500 781 2705 4627 8639 3302 9465 4083 1663 8613 1602 3480 8921 
21 9847 1973 4872 23 6574 8270 5183 4419 6400 2763 7908 3118 9178 5423 5515 8501 5209 1683 4731 7742 3850 
32 8878 9209 5344 9812 6121 1248 8026 6769 7701 6366 9142 6617 3130 7099 1535 7322 1370 5427 4822 5315 3034 3309 1506 6335 4791 5833 3923 3378 1826 1841 5408 638 
36 9752 8262 8629 4910 4836 6346 5576 5310 7984 193 4449 4072 5658 8917 9148 7137 8048 3598 3713 3164 4837 1032 5275 5912 3240 8467 4743 5162 5407 5003 8311 7123 1653 1547 8710 976 
19 2735 3245 8715 9045 4830 9949 1422 9228 7727 9298 6201 4646 7596 4783 9529 407 6508 1018 9172 
25 9084 8835 9680 3680 1496 7263 5914 8904 9006 7757 7100 1857 8672 6224 4373 3668 6852 4577 1893 5345 7035 8735 9461 295 3032 
24 7429 699 457 4782 6173 9645 4441 7569 9623 4282 6699 9421 2437 5243 4188 6142 1789 6432 4386 7242 229 3676 8070 5173 
34 7657 7768 3875 290 3615 7209 8273 1745 1062 2810 1297 7501 1199 3340 6423 5529 1235 2148 855 2389 6827 4051 9096 1971 750 5142 4814 8479 2726 3492 2833 8279 1522 8556 
29 4090 1121 1313 2934 3542 6261 6989 6716 2115 1504 1787 1656 7266 3449 7615 4429 8250 9335 3437 6289 3000 6299 2419 9108 2265 2836 1961 398 5629 
35 3442 3910 5955 7193 529 5043 2320 2453 5967 1532 2548 953 7006 7935 7009 1435 4626 5349 6738 2687 335 1329 1243 3726 2347 4037 9197 5960 7369 2521 2259 4445 4393 8078 737 
15 5693 5017 9557 2999 8259 7746 7693 5903 9989 7767 3864 9601 107 2152 962 
24 672 9347 3976 8338 6942 8093 3220 7847 4063 5603 7971 6319 7288 5986 7635 556 4501 9788 5742 6358 7530 301 6603 8789 
23 6822 1874 3326 8243 659 6248 2040 65 3039 5083 5061 3009 8817 8141 5975 6586 6071 7827 7390 2629 7489 4149 8397 
27 4494 1200 3602 2992 8772 3370 823 8665 1985 6579 7715 4714 2043 6885 2179 3750 2713 618 9231 2486 6936 4812 204 8910 4735 2172 3883 
19 549 4661 7249 9353 6356 2660 5479 6382 3953 925 3996 1607 2529 49 4995 8080 3185 391 8414 
21 9619 9459 9671 517 9943 1622 3387 7121 878 5936 9907 6766 8880 4534 5410 8321 5926 5596 9764 5547 8700 
32 1305 1438 9087 965 3050 1491 7174 5050 7096 3418 4130 7576 4528 4903 2358 3395 420 8828 2081 3815 653 8634 5588 5691 3175 1954 4269 7184 5202 6052 7772 675 
33 9563 7373 2409 9761 46 252 2035 2407 463 5256 1389 9934 5026 8261 5171 6397 3352 4097 4831 4336 5165 2616 1811 5488 3890 7300 5935 9340 421 4729 443 6087 4243 
27 6263 3758 9628 6567 9872 66 8938 4415 6677 8186 6696 8755 5785 7260 7461 2004 7921 1925 337 5365 8389 4563 4383 3529 3741 2862 4145 
34 5192 4537 4630 3544 7787 761 4749 2160 177 4756 462 4353 1096 4085 8826 1255 754 8516 2443 7939 8863 9218 3525 4370 647 3794 6049 2759 9184 6147 3781 3500 7783 3617 
27 3055 9274 9806 4225 3193 5792 2174 5700 8562 6722 4669 7462 2805 1597 5258 7820 9350 3296 7396 9587 5828 3071 6448 1991 6845 6585 6113 
31 1097 9463 2056 1913 8379 6698 2045 8018 6727 1271 2052 7647 3661 5364 7024 4032 6854 8763 2876 850 6309 2387 5873 8393 5924 7485 1801 4896 1813 1064 1652 
31 4601 4984 2681 7648 1830 2235 152 5428 2771 4344 382 7516 9208 4628 2319 3753 2765 4351 7265 2485 9865 1432 5594 1713 2775 1354 5749 2554 4823 1254 1318 
27 9003 8711 9101 3099 6932 76 4087 2345 5730 293 8476 2991 7032 6079 3526 1615 404 1608 9525 526 5750 2318 4700 5551 8482 5931 3825 
32 2247 3773 780 9712 9923 7816 1101 8869 4584 8160 3454 9358 515 3973 1889 8280 1183 3401 63 628 4192 7199 8012 4462 7491 2136 9434 176 5077 9369 9938 5063 
30 2015 3190 4366 8998 3790 1638 2601 1800 5583 6772 6816 5862 8361 5320 4801 3244 6990 4946 868 1950 6949 5612 5185 6275 4702 6285 2593 7335 1718 2840 
23 4742 6502 4511 7574 1997 9743 8368 6216 9134 7043 3393 5995 2972 8857 5559 2501 9917 5810 5071 5239 9494 9589 7789 
34 700 1251 5025 854 6244 8860 254 2164 6056 586 1907 7178 518 6609 6339 4259 5002 2903 3707 3374 8050 2542 8461 8754 1764 3653 4431 6933 5667 4408 9609 431 9700 5697 
41 423 1838 7704 6068 697 4154 665 2261 753 5375 5457 8809 3584 8446 7305 2479 2737 689 800 6042 4715 7875 9060 4526 9531 5759 6671 3306 2953 4253 143 4509 650 5685 2594 2210 6715 7281 2280 7758 8350 
25 8518 5743 7638 9640 6742 4938 9832 7162 5622 3623 8631 9729 4802 1897 866 8775 4489 7125 2445 4600 9600 8888 3863 8898 6342 
22 1273 8104 6360 3921 4869 2140 7785 8176 3098 9952 4895 8312 8444 8326 8649 6116 742 8810 5513 9567 7784 5334 
19 8731 7575 8125 1061 7720 6126 9786 3639 496 574 8315 9115 2707 6954 99 7669 3095 9714 4127 
19 6689 4475 493 2896 3082 8030 6744 9219 1756 3316 2139 7743 9193 7025 7739 3250 2908 4820 1088 
17 8890 9368 5556 8745 4067 7521 4100 6588 2868 2889 2475 9088 269 1582 349 5533 8490 
29 9514 7711 47 3842 9477 671 7364 5579 7837 7103 8945 897 15 196 11 4443 242 1322 1187 4026 4847 2367 3246 1659 246 9622 9223 3028 3286 
29 2720 3236 3384 8157 8285 830 984 292 907 5405 2809 2048 2086 2769 9436 6387 1654 6385 5633 7545 8394 8011 7170 4444 2435 2491 302 5312 6795 
33 7861 2538 2118 7255 7683 3420 2600 2180 2171 7503 7830 9160 3967 5379 4845 3913 6707 3397 4152 3908 6869 9204 6626 7970 6732 6028 8423 1173 1903 5138 3042 4790 2509 
16 3090 7993 9267 9252 9322 8553 8720 1155 3809 3733 7597 1802 4126 7496 3514 3097 
26 713 2784 6875 4153 267 4139 4990 64 6172 4828 4853 5394 2370 991 9939 1229 6249 2555 347 1007 4465 8908 9266 3533 1052 3611 
14 7936 8353 8303 9718 3446 3873 250 8003 6180 9825 9723 9876 1573 6288 
16 6277 8158 2495 5158 2653 2386 4497 3675 2412 4316 9821 8473 983 7656 7738 7632 
19 203 5040 3269 5005 4698 6829 9079 7330 4572 3151 7336 3272 4375 8142 1969 1141 9717 5476 4799 
21 5934 5491 8198 3816 4405 1146 2498 7547 7506 8417 8340 8706 4313 3766 2080 3003 5599 2821 7112 707 6260 
25 6901 6455 4673 9804 559 4326 5298 1716 6751 6223 4317 6906 4122 8318 3355 7030 673 4926 1987 148 6844 4886 8043 6433 8453 
28 6815 9473 2426 1223 2216 2323 1762 1182 1415 7532 4046 929 3845 7384 7610 283 2231 6612 5849 7328 6758 4817 9119 7655 9307 6093 3535 2597 
25 7070 7512 3068 9297 98 5678 4645 6274 6163 8214 5879 6596 624 9225 5233 943 2328 9500 7526 3273 6287 4172 6118 4185 3690 
19 4679 7171 4477 4834 4594 7422 6190 7578 4738 8839 2481 2588 4542 6368 1074 4506 4553 1247 9472 
17 5445 3358 3710 2104 3121 1037 5575 875 3061 5807 9756 9519 4998 3417 5661 5449 5471 
20 1105 7425 4588 5911 8437 4382 1340 5763 8812 9245 6611 8408 6723 236 7279 6477 763 2847 9753 2983 
30 2883 8848 6003 1628 5107 5422 552 6639 5170 2075 8500 6868 8105 3277 7718 6008 6332 8567 4754 7272 6162 7695 2674 570 1162 848 9016 4005 5932 3638 
24 3817 3147 9842 1968 2360 459 1480 8895 2332 714 4547 589 9372 1706 2855 9008 7660 9746 1202 5846 2730 5977 8552 8154 
14 9305 1803 9481 3867 7207 4796 7038 3350 3248 1825 4813 1641 770 3887 
30 4059 3640 5369 5535 7086 4973 5656 1079 2831 2187 2675 934 3146 8051 1934 4012 9542 6137 5220 7313 2256 4631 6314 7844 4949 6782 2238 5458 6919 5723 
25 1138 3329 3368 950 2470 3468 930 6082 4819 7924 1810 9221 8268 6920 5976 3473 6975 1567 3330 787 3365 2699 903 4952 4483 
30 5324 7612 5721 7690 378 8882 4664 3165 5009 4653 2397 402 1464 1308 2116 276 2749 4745 2911 7815 8405 8794 7478 9057 8696 6991 9637 4140 5720 4319 
27 1867 6877 5307 9341 5766 9647 3785 5033 2921 1831 8534 6353 613 8471 6055 1017 7360 9344 5987 4304 270 3548 4774 5949 7057 6242 465 
21 4758 5358 3362 6737 9516 6218 777 6775 3077 894 7351 3237 5681 6027 96 8623 8305 1704 5190 5015 1344 
20 311 876 5782 5725 5670 7148 688 970 6025 5722 370 5271 2215 5498 336 1936 4275 1645 762 1087 
26 6381 8203 5887 9511 7464 7918 6240 1513 5548 7582 1493 4076 7608 3704 3897 5823 8457 6095 5842 8802 182 2301 7606 13 2516 2163 
20 2917 3104 7226 6575 5287 5400 8062 979 6379 819 4777 2205 6281 4469 8913 1952 5198 7719 5390 4662 
24 6706 2422 5377 8079 5371 6866 8383 9150 5767 9384 6604 4982 701 4974 1650 7728 4238 8660 2001 191 4668 5251 8352 3870 
20 7957 5359 4717 8542 6161 1393 9001 8064 8470 8074 4660 3856 6948 1502 5522 3827 5048 4570 5896 3620 
16 769 4873 328 1869 4107 7211 7110 8015 8161 641 4458 5131 1935 1147 828 3975 
32 519 8213 8489 5698 9286 7172 8085 8955 645 1256 8694 584 6120 3592 3267 8177 6083 1296 1125 8822 6175 7622 5761 2800 3831 504 8180 7074 5095 6631 1633 8319 
25 5717 2904 2305 9464 3732 8951 2802 2602 4944 4939 6642 6463 7447 654 621 1405 5826 2811 2929 2223 1285 3265 3126 1204 3289 
20 4071 4223 1363 1503 5234 7994 9897 8968 9828 195 262 71 8230 8924 2067 9759 258 6158 1293 4292 
23 606 2324 8892 4011 9607 2561 2344 2644 1827 5738 745 1673 2489 2029 8558 9468 6992 5493 101 31 690 3284 2530 
29 8708 3826 1002 2527 4971 1193 808 816 399 8400 5389 2595 3011 5512 8969 4925 8241 5215 7023 3581 5609 9217 6046 4303 5811 7751 4018 6257 3528 
24 3549 7329 4761 7934 9497 7558 4989 2898 5481 8366 1071 4906 8242 7782 8077 8886 706 960 3056 911 3349 9 9220 6819 
24 7499 7064 2123 5507 4703 9562 7380 9127 3530 6367 8401 4634 3673 3271 8814 1339 3658 3716 4095 9058 2877 2697 9146 9532 
23 1776 7224 7196 8412 461 5452 4937 6391 320 6234 5587 6940 4730 5525 5966 7160 6215 7838 5945 4425 7892 7688 4604 
20 3307 9852 7631 4228 2787 9138 9975 5160 9896 3997 1960 3079 1328 1411 4810 5416 7168 9285 9398 4793 
18 8477 4428 9666 8309 6012 9579 9817 9644 9270 537 7497 9181 8596 9797 8232 4522 7042 1304 
23 6663 2424 1609 5466 3603 3885 3453 2119 1583 843 3735 5101 7754 7065 9397 1000 3727 8398 5148 5978 2456 778 9117 
31 5235 1323 5295 4029 2033 9242 9263 1475 3946 4293 281 6800 6140 1012 2931 2580 4092 8359 676 3376 2334 162 3318 5638 1091 6653 8267 1481 4337 7017 8847 
12 5300 8376 7804 9433 9287 9794 7559 4434 8100 111 1847 2677 
24 9409 7948 9247 1783 4190 8049 3078 5558 5675 6777 8362 1769 7923 2038 7835 8658 2870 6108 2196 4927 5436 59 20 8054 
12 8950 6634 3539 4359 1035 2214 3198 1712 6354 835 1823 3985 
30 3167 3459 6804 6450 8536 6425 9042 422 7041 9458 9027 7014 7366 5329 6306 4964 3392 9867 4369 3331 841 1165 7536 3943 5327 5707 5965 2709 5790 7986 
14 563 2128 1429 2023 7381 4654 7205 9376 3487 4218 7405 3560 3719 998 
36 9679 6662 2642 9625 6985 102 1232 2578 2505 294 2906 4907 3425 2402 6235 7651 4997 8524 1629 634 7377 7012 6091 6154 5397 4737 6092 5328 8208 4983 6702 4769 4918 5150 8641 2724 
31 768 6446 6729 5366 5426 2547 8952 4734 8334 8544 8993 6396 72 2084 8076 3013 5136 2655 7212 2317 5200 4999 9308 5236 5264 7416 3184 5591 6968 4057 5631 
24 5860 9166 2641 8449 5636 2717 8094 1211 4965 1561 8598 7147 7890 1056 5206 2258 411 9854 1303 702 7391 7356 4156 142 
24 8758 9037 7477 9731 7629 2565 3905 6181 6974 134 9456 9055 9059 2484 1661 6040 4721 3100 4589 5580 1014 6151 1137 5665 
22 8670 9574 2151 2844 9894 5157 803 7388 7942 4500 6109 466 8235 1366 8919 8183 5204 7814 6546 2185 1865 1887 
31 6916 6654 2026 839 3022 2059 1294 6893 1738 379 8815 724 3377 2532 1682 1782 9597 5906 5288 6072 4216 5989 664 834 2460 1467 9467 2253 4220 1082 9796 
22 9888 8029 8784 5626 4065 5008 4068 8547 4357 4009 5104 863 6414 3010 6014 80 2088 681 2255 9726 8240 5578 
28 6807 6851 730 6058 3047 4035 4639 1511 546 9222 8610 7075 7331 5419 487 1423 3764 4603 2779 5927 5447 9692 6311 9781 56 4649 1207 7375 
31 2316 1447 1630 5746 8573 3632 4028 100 881 6630 8239 4539 1394 5259 732 2142 5326 968 8732 3801 7003 5997 1153 3744 7959 6534 2287 3335 4695 325 7182 
24 2061 2963 7406 2718 6726 7220 5919 7661 4684 4187 2239 4917 551 838 6310 8859 8756 8499 5897 8451 8380 8647 1341 5225 
22 5086 1637 7553 128 3475 2212 3547 9110 3699 1140 9236 7774 3407 9898 6005 8260 9936 70 3093 9937 2441 5244 
35 4058 9996 8410 5627 7922 2585 5952 1768 3909 9950 8103 8691 7998 8293 338 5992 9152 3568 5729 9086 1164 8248 7420 9856 9040 9417 5337 4391 3914 3140 8877 9646 2880 9577 3279 
23 4618 1332 6658 1778 2969 599 2374 9143 3610 6743 3847 1471 6298 5478 7963 2372 6343 4180 7136 9169 9095 8808 6494 
26 7929 2335 41 3073 4657 9171 9410 2857 2270 9073 7122 7786 6561 2257 6351 2569 4640 460 3835 1059 2946 2843 3780 4451 1758 6170 
26 7561 8803 381 8173 2368 1943 4638 52 1539 3135 4290 9643 9185 9547 1749 7584 7201 6564 9032 6624 1793 2302 9154 1536 6470 8147 
40 7401 1784 4959 5744 608 2973 1550 1272 8034 9527 1676 4278 3798 6179 987 7407 4453 8916 6375 9593 5249 1154 7353 9442 5360 973 5448 3888 827 6937 7979 7765 8781 8723 8114 9067 4324 6958 1579 7472 
19 2384 9299 5582 1624 7588 2197 5739 1224 3788 2820 1440 4680 7181 6065 6209 9336 3718 811 4158 
29 4855 5971 5189 6202 7737 9345 1529 5569 857 3722 3907 8009 9877 8381 6431 3881 8392 6370 717 2002 593 7481 6300 6594 4305 6981 7537 7824 4042 
24 273 658 1113 533 6764 5662 6967 3439 5764 8099 7909 9588 8570 8751 9343 7324 8515 480 2879 436 1983 796 9776 4955 
29 6831 6752 7465 4920 7567 172 5156 1281 2209 514 4879 7829 1117 9720 4561 2383 561 4682 2175 5384 2413 2494 2350 8496 8422 8666 5563 9831 7036 
12 9325 8073 9657 8071 8343 3674 3152 9395 5175 1033 978 7441 
20 3444 8458 9944 9144 6069 476 1236 999 8689 7753 9188 8679 9098 6383 9590 8949 9971 5404 7896 6405 
29 5769 3148 1674 7637 9109 1046 7010 6237 7037 3278 3992 9444 5216 8673 5080 1533 160 3382 6506 9672 5788 4179 2490 9568 9296 1408 3543 590 6870 
26 9140 5996 6307 4080 6352 7686 5799 3760 6459 173 8565 4571 4389 7855 3823 4678 988 9124 5641 1379 5617 791 3180 845 587 805 
27 4948 6480 578 7564 9701 9882 8830 9023 153 6505 3832 877 8821 1707 1763 9041 3911 971 1127 307 4519 6986 371 7026 6676 9097 1212 
20 8703 902 7666 3585 483 5917 3778 5087 230 1203 4472 492 6551 5726 8256 6889 7938 7722 2337 1003 
20 117 8302 5480 7650 9224 3299 7798 4902 3682 6471 1237 6988 9404 33 3488 6096 8152 455 2019 939 
23 7913 8876 2394 7309 3429 408 7865 3925 3293 6629 1345 7999 9162 9049 9695 7244 1520 1915 5836 8222 5922 5623 8606 
29 6695 3697 1593 873 1725 711 1004 163 6987 3597 5473 6452 5117 4442 1094 7976 4053 7299 3144 3431 765 2069 8124 9921 7374 4203 6384 4013 4124 
30 7040 7180 6168 5771 9757 3319 6034 6512 7387 377 3862 6386 1598 947 4002 6447 1534 684 539 4001 2303 3670 5194 8474 237 3427 9580 9048 9669 7899 
32 3855 8425 5990 3891 720 8823 3938 3116 5815 3952 2680 5386 9300 8218 8492 6262 7321 1291 7365 870 723 2872 1107 3297 4860 8454 3627 1731 6955 9259 5179 9916 
19 3371 9306 3381 6067 3225 3747 2834 6947 2283 6980 7511 2987 140 7696 5322 3113 2138 818 1559 
26 8329 6377 8871 6571 8688 2729 3251 4805 512 5309 1976 3379 941 2728 6362 3019 4215 573 7826 5489 5806 3983 3641 7151 1939 3204 
33 9675 9090 8448 3036 8445 9546 2665 2377 4398 2558 1364 862 2534 1317 3999 9113 8264 7285 2254 1477 5605 340 4448 7671 351 3486 1662 8205 937 1497 662 1966 2819 
29 6198 9503 119 511 3054 7245 8597 6422 5803 3247 8644 4800 7817 310 2996 3553 8583 9017 4334 2459 9201 6632 6499 7338 2878 8507 4901 7303 392 
14 9449 9576 5169 872 5520 6504 7250 6960 7251 1728 4811 1230 8163 136 
23 4307 5615 8426 655 9613 7092 708 9156 6197 7900 8481 4473 4471 9875 5814 4908 2628 3734 1809 8 2312 5848 1569 
26 375 3779 3614 7843 2359 2631 8986 1926 7273 2274 8347 5132 5149 1821 9332 1076 1242 9953 9521 3702 7350 1312 5647 758 1210 1722 
20 1040 4624 5347 7494 1474 9964 6460 3157 5372 7194 5154 8291 8601 2939 8355 9200 5459 9493 4976 1642 
19 222 3276 5818 2736 7132 7599 1371 213 3503 1856 5355 6759 5038 7519 2830 2064 317 329 247 
19 1005 2512 7975 8915 2338 6601 5982 9801 7752 8469 8900 3504 5246 6770 5248 5342 1892 7714 1038 
19 9550 9833 9763 9835 3511 1974 8081 1711 687 9893 7828 861 479 2349 2450 6015 3405 7002 6350 
27 3555 3333 2748 4164 6547 4806 7232 3818 5837 2640 5861 6297 5959 9513 3959 232 4549 8010 5984 1485 334 884 4548 6330 932 9660 7458 
20 1135 5176 4272 8903 6846 9470 3738 139 5789 6001 4514 8885 3363 7473 2392 7213 8295 9773 1751 6644 
10 3578 8485 7613 8360 4694 4529 6847 8778 8730 8870 
31 5424 5027 7810 8435 8462 4349 2967 8155 657 115 2525 5099 6905 7542 21 1876 2390 9583 2129 2396 5625 8390 5968 8707 8849 1234 6973 9025 9311 3857 5370 
31 4894 7028 6741 9830 6021 1430 7534 3657 8075 9268 8746 8097 8307 5122 8961 4217 4335 53 1057 1671 5186 5496 6651 5010 312 486 3945 2321 8363 8690 9176 
20 920 1013 481 5777 2167 9118 8037 1880 6372 5203 8734 2022 9107 7241 4504 9439 7869 188 6664 4320 
31 9799 8787 7471 1530 2147 1755 1365 1250 1846 2556 1069 4062 9106 1924 9015 7842 6602 7217 940 3960 8181 5595 6227 6577 8483 2902 8441 756 2492 2609 5841 
24 2559 8932 6884 3833 4450 1325 3694 6680 3145 1670 359 9565 205 2890 5085 3094 4183 4466 3322 7202 7154 3838 5666 9476 
32 6541 210 8035 1436 1644 4247 6999 890 6883 1946 151 6983 5184 5577 4876 5611 1717 8002 4816 4827 3209 6369 9905 6761 8238 6496 9690 6177 6051 3107 1226 7825 
29 961 817 4200 2566 1233 1201 8995 5088 1160 8028 1715 8911 9884 3573 6495 4430 3088 6166 7980 3179 8223 265 2703 9792 9215 8396 4350 3994 9326 
27 372 9649 9385 9738 1733 2385 5374 5835 5941 538 2863 9541 8881 5851 6666 4175 1917 1099 6419 3189 6796 6411 6482 7165 7985 5046 4592 
32 7952 8978 989 3666 1627 1845 1441 3181 2395 7301 9031 6566 8799 2909 3436 4562 1337 6970 8169 2308 6754 3545 3926 4015 4427 4229 1390 2310 197 6717 9004 616 
20 3654 4074 1842 1905 261 5019 1750 8039 668 3081 9161 1108 3882 3015 60 6941 8508 9214 7766 6185 
26 24 4781 9556 5285 2036 3270 611 6101 1746 3609 4163 2206 8109 6443 8017 5999 1741 5191 5097 4265 2528 7977 9454 7289 2618 5501 
31 2869 2520 4794 8346 498 8681 2741 2434 6213 97 524 5062 1123 7363 1668 1357 812 5805 5383 2047 2183 1049 416 5961 1225 341 3310 1576 1951 1805 8850 
30 8962 6239 7554 4250 6615 4643 3169 6374 691 2867 544 1198 1428 3339 6363 5167 2237 7960 7408 8388 6371 2968 3040 5127 1665 4968 3677 1115 5280 557 
18 4637 3202 6939 7626 1832 4647 5000 735 7854 1238 2795 2962 7955 1086 9010 8838 1290 7533 
30 4150 4084 8856 6438 5291 7548 1537 8493 3499 7145 7926 2078 282 7904 2611 7098 5963 6086 1451 5706 8443 7470 6232 2744 6673 7290 1077 2423 3853 8862 
23 6115 7210 6836 439 7323 2982 6048 6399 5100 118 1947 4086 490 8976 8906 3508 1611 25 6010 6792 8139 8538 7733 
19 3988 9935 7546 57 7152 1817 7932 3337 8600 1270 631 2807 4551 8096 5688 9749 2814 8123 7161 
32 5885 9920 9951 1963 8110 6280 4256 4327 4699 2966 7339 8843 8793 9292 1275 1050 7735 3391 7800 8006 2895 1131 3695 4151 8899 3280 1398 1585 2606 5055 4490 7937 
29 541 5875 3334 9512 2551 5238 9284 1433 9826 5694 5689 6205 3567 3483 8676 94 577 1578 7128 3642 1156 1039 7694 5037 6725 4189 1570 2289 6152 
34 4143 789 3105 8554 1460 2952 2900 1352 5695 7633 6593 8798 9881 8502 5306 5340 6043 6773 385 4423 9422 6667 7703 4081 44 1691 7756 9931 4545 4556 8130 4242 2610 3679 
27 6228 726 1260 2639 8795 6537 1509 9836 8505 1176 4550 3846 9784 5600 3052 8931 8442 5979 8611 7593 597 1552 6700 4315 2683 7568 6518 
23 622 1852 4848 3375 5351 3807 9100 8190 8617 7812 5441 6636 5255 7736 1258 8269 1280 5867 221 6950 4310 6246 2773 
22 1833 6410 1399 7791 4044 5072 149 6977 3448 905 4030 9932 1103 6408 3033 5290 1868 3041 12 86 3860 3929 
16 6961 5991 9734 8253 9211 9892 625 9715 6278 8577 4401 7283 6598 4354 1473 4844 
28 29 5213 6457 315 5757 7000 3537 9033 7135 9962 1110 7805 7770 3044 2645 3772 2945 6926 2506 3748 7978 9732 8330 8572 6148 82 5318 2664 
31 1664 3424 1524 8637 8219 4137 6538 2776 8116 6013 454 7392 4916 3328 4060 4093 4993 1116 9348 7354 2351 1990 2199 5119 4381 5126 4599 4967 8724 9486 8433 
26 55 9544 3403 9485 1792 5539 5263 704 9846 1081 8667 4559 5864 4770 6102 4804 9400 5921 3805 7056 5392 6976 5624 6107 1356 2007 
18 9523 8021 6879 8229 5635 3767 964 9755 1119 6531 6553 1927 8655 68 9808 308 5894 5254 
16 9216 9452 2782 6856 7579 7535 6544 7616 3361 5930 7747 4436 4298 1490 7983 2669 
29 9283 4387 2401 9586 5503 1686 7811 396 636 355 2439 2959 26 8669 3660 9447 1388 3332 6791 5893 7139 4178 3934 2005 4181 8717 1544 2864 4432 
26 4842 4706 3601 2780 2537 9314 233 3476 8450 1771 5880 4809 386 7734 1933 5506 5339 6303 8287 3937 5454 6236 7127 5812 3014 4069 
19 2576 7293 8024 7347 7903 8023 4014 5527 9302 5385 8591 4251 9774 3161 4176 6660 4719 5546 4557 
20 4346 5387 499 5679 1431 3163 2144 3234 9933 7591 5430 6837 4240 3558 1437 9339 8929 9024 1677 9354 
30 1888 1635 277 3866 1986 8989 4481 141 7456 4969 1710 4773 4690 1980 2504 2153 1075 4237 456 7832 8971 2971 2091 9903 7157 652 712 108 8278 8480 
23 734 4194 8254 3398 8191 4034 105 3621 8638 1159 9367 6549 785 6487 1881 2446 3683 1128 5252 2598 1514 2457 5821 
23 3149 1372 5112 6304 5090 6749 4115 2464 6133 2543 2702 2541 6442 4663 5728 7797 4870 3004 7449 4201 2858 4361 3207 
18 7119 9011 4411 9333 5023 1468 3016 7962 4360 5007 2688 8704 5795 6295 603 4131 766 2770 
13 4214 364 7080 8511 7967 4263 7077 6527 9007 9861 9608 685 5108 
22 7862 8854 2482 7636 5701 7761 2072 4031 9741 6515 7917 703 7571 2466 2428 6957 2743 9891 8982 9614 4911 3618 
32 157 3311 1206 4958 826 4617 388 8182 8627 5133 678 5651 1714 3159 2190 5093 2560 9708 2012 7852 2493 3563 2201 3131 2488 5928 7946 7880 8385 3400 6210 6127 
30 2986 1984 7846 5205 2399 3199 1634 8642 300 5382 1179 6909 6562 8551 6146 103 2947 3551 1945 4762 3684 5333 291 2058 1526 5676 2970 8251 579 5538 
26 297 874 6409 9492 9751 5124 8506 9632 9482 9167 6064 639 1307 2325 7106 6600 9663 8472 9206 7989 8684 7885 9656 8648 4779 1562 
26 1978 6255 6710 2577 92 8167 7988 2122 9324 5317 8958 4144 1839 8668 4341 1616 7029 3243 9051 7705 8602 6057 4841 3987 7436 4750 
21 3103 3294 6004 5732 1465 5135 9068 3122 8984 3258 3754 7614 8063 3282 1027 3344 923 8861 6627 4641 6241 
28 5341 190 1421 2754 3636 646 2126 1937 8266 3505 5188 2125 6982 5016 6874 9269 4258 5950 5518 1274 8759 1788 6349 3080 7834 8372 5876 3562 
24 2912 3596 5487 6951 5686 6739 6076 8378 444 9440 8407 5709 6301 194 1781 1132 4850 309 6709 8522 1385 9750 2604 2448 
27 3281 2536 2957 8351 6413 8768 6024 9564 643 5567 9226 9303 8134 3295 1688 8108 2213 6486 2768 9686 8402 8487 7991 635 3858 4338 9573 
27 5716 1883 7129 661 2074 3325 6597 458 2184 1922 9748 6525 1632 1678 7517 2487 5762 4287 9005 869 623 3671 5889 1958 6853 263 3812 
32 957 7451 245 5282 3966 3433 7777 2240 5632 3466 4921 4266 779 6085 3689 9331 8842 7543 3577 5257 9053 3711 4598 7625 323 6828 7484 1726 2767 4339 8057 9536 
22 6724 7198 9815 8192 9508 4851 9498 2159 5475 4521 8920 7072 198 4252 9455 5946 6640 1478 8836 5147 7235 3021 
31 445 3029 428 5477 849 2207 1263 120 3648 8645 1048 2065 9687 10 4043 3686 5396 2936 1696 7675 520 1975 2510 5797 2716 2925 2161 9189 2961 790 6559 
21 3693 7372 3739 5036 6132 7729 4105 3986 1844 4333 2668 6668 5884 2562 2262 8046 7427 3422 7476 4446 2271 
23 2020 2166 1240 1949 617 3215 7643 7143 8603 5462 5901 4685 3341 4945 2028 1732 3933 9615 879 3942 4079 6481 3588 
28 8395 477 6756 6338 615 9735 5830 553 7197 138 7872 8988 9983 3714 5872 2994 7860 5969 8677 4672 5673 5831 9668 5753 9317 3069 3664 1558 
15 2008 5948 3208 4575 4665 5699 3915 9819 8306 9978 8314 6802 6753 8044 3064 
33 8406 8290 9524 313 2291 2388 8956 1896 8033 8659 6451 7502 3894 4106 274 279 6105 663 6552 9091 8258 1011 5980 6037 2803 2050 5321 8418 1374 1213 6112 447 7713 
32 5598 4455 4863 1102 2852 674 2095 9639 387 4821 6708 3977 5417 3241 1818 3841 125 4165 5614 3582 4513 1919 3472 6899 8942 3254 1158 2643 7087 6914 9545 4047 
26 3030 9469 5920 3906 5069 6336 8737 1098 8014 3085 9420 7383 8127 4578 2433 8845 2403 7233 8322 9094 2188 14 7214 4977 432 4725 
21 3471 8566 3200 7884 8671 2745 3904 4623 7361 1791 3075 5039 5532 4985 7016 6608 3650 8201 5 9904 9803 
18 7141 3540 4867 4686 6771 4297 9065 4930 4384 1412 9388 9377 9664 9360 9793 8404 9396 6721 
24 8102 206 6125 6498 6357 6009 7113 2264 319 6806 3174 3635 2087 6790 1618 2381 2454 2066 2849 522 8144 4633 9555 240 
30 8840 5425 6475 3038 3435 3102 8263 6882 2568 7045 3372 5519 4608 4942 2956 2299 8387 2242 2027 2514 9261 4671 8255 1694 4934 3002 3898 540 5159 8430 
28 585 1228 6765 3594 5228 5866 9159 7679 7931 9192 7296 4843 5262 8616 1953 214 1743 6530 9572 8016 9093 5505 3324 3837 4516 7813 3848 2627 
21 268 1734 1221 8868 3051 4485 9742 2288 7189 9153 2871 7961 8709 5736 9352 4271 1998 3712 3218 3386 5672 
22 4495 5060 8548 6536 6293 7191 6672 508 4249 8743 8624 3 9955 1277 8532 5852 4082 8905 3491 5232 9766 2208 
28 1353 8783 9851 1267 1580 8796 9419 415 3434 2220 1197 3211 9908 1590 836 5052 4565 2269 8805 8365 8633 7487 6341 5544 8468 3571 3229 7049 
38 5406 2838 1697 5957 2245 5012 3057 9199 4331 6657 523 3394 6838 1368 4718 5464 1031 2978 2634 4915 3736 4740 2030 8907 2149 4954 2483 9063 7053 7540 3260 259 9371 7818 7138 8865 1701 2169 
30 8342 4184 7243 5240 6523 6196 7682 8101 6832 2156 8533 2766 7654 8926 501 6713 9022 7021 239 7130 8813 8294 4736 5822 6011 1482 7905 8858 7524 9736 
15 5649 8523 2753 6331 9054 6610 9862 2263 1554 9076 995 6616 9484 9650 3347 
24 7640 8739 4980 7874 3783 4914 6270 3345 1521 8953 5608 4426 1819 122 129 4025 1666 3320 4148 5178 3868 8943 1586 1359 
32 1528 3655 1959 6141 1245 772 175 8686 2054 2989 3450 1461 1681 3428 4569 6679 7385 2913 2162 2232 2826 2824 7845 981 8894 5791 7423 3275 3681 9120 5637 8740 
25 583 513 6922 846 4704 1565 3531 147 7691 2630 1695 3438 9389 6812 8944 8065 7841 915 6489 8092 4994 1698 8636 8156 4716 
15 2941 2297 2406 3624 2346 9039 3091 358 9445 3226 2369 413 1021 9451 2049 
32 8204 4246 417 2570 2651 3366 3940 244 1620 3843 6393 3811 880 9534 1834 2762 3828 2294 7848 2003 2155 1174 6768 7523 1507 8825 1837 2113 5616 2449 406 3402 
23 3025 5113 166 2975 7248 856 8504 9158 2362 74 6268 9611 8620 8764 8571 8896 5840 8592 5414 7634 4574 9719 9520 
26 1735 5856 9559 318 208 767 4858 3086 4388 9630 2311 154 3360 9807 4655 346 8497 4367 2251 2307 2219 5581 8541 8612 5398 224 
19 5304 7889 4635 5120 4629 7256 403 9900 4838 6326 2431 8165 6174 6090 6217 1938 4785 535 1931 
24 4829 5962 8038 9810 5664 4136 7505 4712 8252 814 7291 6554 7027 5177 5079 2194 6501 927 8313 1148 4778 4332 231 4103 
24 741 567 2436 326 4202 1222 4544 4862 7555 4433 4301 6509 5490 7294 4708 3768 4488 3268 5613 4174 7577 3224 2376 2273 
27 5381 6123 2791 5006 248 3411 4050 7337 6584 5690 2652 886 6582 1709 8126 7990 9122 5346 6690 8032 9443 7776 6731 5972 822 2298 2922 
33 9979 7709 9246 5748 6128 4613 4953 7342 9075 5899 7764 1417 1584 6641 2089 7262 8872 5139 6325 8281 9725 6511 8052 6388 2195 8206 8053 5657 8891 360 3255 8178 9430 
19 8559 9733 1860 2198 7097 2591 5181 6276 4755 7992 3600 5207 2564 1619 6685 9014 3264 5230 7058 
19 6321 6793 67 4825 2854 7340 7871 2462 8233 8846 5574 6878 4991 2692 2096 3343 6322 2408 1378 
34 3743 9137 7428 6245 9182 3721 1346 2290 7271 2025 9987 7796 4543 90 1387 8656 7552 414 1289 2499 5199 6395 393 8712 3063 2704 6193 6390 3274 6317 7008 5659 3688 1020 
22 9581 9046 8967 9085 2859 3893 5420 2414 9886 7418 963 6490 8889 7155 4771 6687 5153 8455 5281 8249 5900 1150 
32 1269 3554 2916 1106 660 2613 3364 6279 9612 1820 2248 4167 5692 2535 7570 4407 806 5778 8283 6478 7371 2708 5270 9323 8117 588 6355 644 1367 8879 7943 8122 
16 6039 8981 9478 7894 2241 2042 6488 4457 5391 2099 5772 5703 9841 7452 7432 8543 
34 8520 8370 448 7668 7692 1487 5713 9195 4356 8164 1220 4244 6103 7222 2034 3776 1047 6655 6798 6776 1806 7541 4505 3506 4239 3954 36 9426 4616 8893 6035 9387 906 2544 
22 3457 4233 8902 7444 7823 9407 9205 5908 1770 5106 2772 4650 2496 1413 2647 3166 2747 7618 8925 5652 9834 3569 
28 8728 2788 1955 9105 6340 2919 8652 6188 1016 3007 1911 6290 9139 9083 3262 1932 682 6131 5741 3001 8465 7895 9125 4321 5798 8463 5944 4891 
31 4687 8323 409 2425 497 1693 4021 5660 369 9264 6915 3799 1470 6211 6857 1747 3625 243 3630 7966 6124 1623 1347 4797 1798 5531 3950 7412 4077 2592 3903 
20 3564 7398 3067 6192 3017 3840 2077 4318 4403 9604 9044 9661 7773 8716 1940 1425 1599 8211 8770 2848 
35 580 1177 4602 7034 6814 896 7276 7808 2108 5031 3859 8416 4642 3285 4711 4264 3470 5032 1649 7520 5589 9235 1498 4342 5403 7067 6022 5974 7878 7083 2458 6070 6943 3965 9770 
35 6649 5808 8979 1142 5212 3058 3026 6398 169 9202 5409 7315 3981 9526 5323 9624 4470 8431 6187 2039 6006 8512 9327 8528 3523 1957 2071 4193 4859 4261 8090 1287 2286 170 8210 
29 61 4546 1090 825 9654 5593 7068 8296 4159 1981 3070 7755 7566 6730 6047 5444 7378 2801 6835 5740 4766 452 3978 9390 296 4759 1614 6750 8019 
14 4788 9869 9251 9694 8788 8954 6637 9598 6075 6887 8619 9887 9301 6665 
29 5161 1030 1995 935 3701 531 6896 8804 7941 3646 1476 6178 7414 2513 2228 8741 2633 4312 3824 4933 571 2727 860 4726 2976 5845 948 8001 3380 
36 6456 5049 7602 5663 7698 2250 9180 2930 3451 2275 715 2885 1348 9667 6437 3757 912 1320 6682 1551 996 6429 1596 6169 5022 3087 4116 1675 6826 6449 2815 2914 3520 6569 4311 4987 
16 8179 8274 601 2663 4555 9364 9019 9706 7286 3709 9662 1442 562 4052 1093 2755 
24 6952 7020 7102 9871 7883 6119 1215 9570 4274 4857 1188 698 7672 9163 2017 6204 9275 7760 7947 6250 2100 6073 8120 6479 
28 7877 4583 9691 2690 5602 2352 5601 4880 7278 8324 1246 5470 1065 361 1463 2682 3342 2832 569 2533 1742 8714 1759 4474 4753 1180 321 2691 
28 7799 6740 1252 4205 4744 5021 5201 2621 216 9880 6565 9506 8121 8045 9855 7851 5438 5297 9857 5030 5276 9243 4508 5242 7717 4752 5446 1439 
32 489 4877 5089 1208 9496 5076 7474 3874 1603 8721 918 3323 4173 6149 1068 5195 471 4222 2222 5115 8537 1571 1445 7054 4413 7039 9290 4424 4897 8884 1019 9329 
29 9207 1194 5892 2442 2937 3338 1942 5514 9089 8494 9968 6605 2596 4168 3359 985 6572 2816 743 2226 6233 5418 6516 2624 9689 7051 9747 5494 5293 
18 8184 8220 6243 1067 6755 8936 1657 7910 4169 1708 8333 3745 5024 1043 2421 749 3656 2586 
21 8420 7435 9768 8447 2031 6023 9429 127 6946 9912 6925 7857 8918 7809 9605 4835 1730 5916 5886 6458 9638 
31 8675 7140 5237 5554 435 3972 2799 5674 3290 8300 6344 2315 8550 2021 7090 1850 4323 8115 7419 1836 591 2672 7480 3804 7264 2891 764 788 9787 5653 5265 
26 6424 6159 150 5621 1557 6182 9617 6618 6902 6746 7488 6157 3534 1310 2461 9489 1744 7450 7833 810 2252 131 5964 4295 8137 9304 
33 5245 9575 32 4659 3958 3970 1864 3133 2121 4114 2281 8150 5042 8590 6862 5502 1719 3521 9866 3878 3599 8852 1249 1205 5843 5013 3020 6606 16 2679 6080 1001 9380 
33 6160 9412 3821 4064 3445 9610 8615 2404 6359 7515 5465 3173 9155 8767 7781 3045 5597 3628 5882 6077 9518 6787 5319 2168 7981 1404 4670 9772 1231 5895 2940 4606 5504 
15 7468 9321 4212 4789 3399 914 3982 5639 4868 5521 8797 6979 6635 6840 3619 
21 1866 332 7710 5751 2304 39 3507 7004 9378 9026 8599 8922 4524 4612 7105 9760 8762 9642 5604 472 3755 
23 3692 7117 1010 7867 1863 6648 1349 7134 649 3155 352 8339 2373 3443 6779 6625 174 2124 2575 4609 7495 4417 6439 
25 8578 9062 9133 1458 6904 3761 8027 5073 8705 6861 495 1690 7179 9431 8013 4478 7238 1214 264 4763 9203 6153 7310 5718 2411 
23 9121 9328 8760 5768 8540 126 2109 7101 3919 1469 5796 5456 3419 6720 1766 8409 8276 8834 4510 3762 2329 6492 9374 
17 1993 1492 8832 718 640 6526 9737 6094 7176 7987 793 8650 7972 9991 5412 1546 1923 
33 3239 9820 3160 4833 9012 9633 6645 7840 6313 5045 3930 5001 1568 4221 2935 366 9337 4912 6061 1026 3935 2733 505 6841 5053 7644 4108 1184 9309 3388 4273 5939 4091 
30 9901 9864 9889 3513 6283 3896 7724 3314 9823 275 7624 7440 37 9816 7510 7551 2285 6938 7060 2701 6646 651 3348 2014 5075 1495 5460 5760 5874 5376 
20 7911 9401 7779 8990 949 6757 1930 5708 2758 6144 426 3357 642 8765 4199 648 1060 7565 9635 1009 
28 9411 6745 9678 1613 2667 9424 1391 5123 3210 6059 4688 1988 8833 3053 5482 1604 738 8498 7945 1400 7089 3048 1172 2853 6440 427 5883 6917 
26 1563 6380 3532 2477 5451 8237 202 8960 3115 4279 744 2632 6859 7969 5696 6545 5286 9174 4480 4757 9338 1636 1120 7673 794 9677 
31 4882 7287 3951 4112 2783 5620 4957 1884 5724 3669 5356 1589 2958 1392 2082 1591 7560 9403 6543 6337 3662 8643 5509 5151 1739 7803 6573 4540 5455 3892 8957 
28 5902 3546 2079 3989 6265 8419 3936 4625 527 9767 6833 733 7352 4512 3961 2093 2150 752 1816 4492 1216 7469 1617 4134 4197 4049 3984 144 
23 7229 8574 212 8791 354 8742 4070 7807 2756 9092 3283 253 4102 2619 3649 8466 2723 725 1085 410 5813 2540 6613 
10 4066 8736 9985 9954 9969 2010 8399 5802 4818 6453 
31 6965 1689 1527 9696 7870 6818 8059 3663 4764 1553 4270 847 5105 384 7326 7819 8284 2567 2545 7706 6555 3132 8358 9099 8702 9013 5130 669 5057 1306 3737 
28 610 696 5710 1054 2440 656 2178 2673 3770 3261 8486 9844 7167 7940 695 5715 6436 1034 3939 223 2757 8478 9047 9535 5266 3367 4476 1929 
16 7318 6912 9466 9186 9988 9533 9683 7362 8456 299 390 3819 383 3522 1456 1343 
32 2429 1384 8277 2649 4245 1587 1453 3746 9408 9652 2393 5250 1424 2715 5981 5904 3413 4322 7302 1375 9959 2111 8977 6259 6099 3872 3886 2993 4157 8424 9517 3969 
14 6633 6849 5214 4048 8560 8800 7453 8299 8107 9425 7433 8185 4348 5606 
19 2278 2233 5654 1804 306 4365 3351 4464 3813 5655 1167 2420 2295 6145 9253 6934 7544 9391 9359 
28 2774 4255 1685 225 853 2954 286 1166 9592 6203 4899 4988 728 510 7646 3700 3916 1409 2097 9453 7033 4943 8625 5773 7268 7297 9977 9827 
15 9020 8965 9077 8288 4406 8883 8605 8914 9315 9310 8733 6143 8674 6931 2818 
18 2418 8225 6880 3595 6785 809 9902 9651 3389 9258 1737 919 804 145 1594 3304 8622 4241 
21 9291 4414 4170 9543 9349 9370 8244 3501 889 2244 2189 1796 4535 3756 4452 6620 1358 8966 9839 9530 9569 
18 9626 7188 6189 7927 1655 2686 4615 4027 4619 1053 1025 6736 829 5331 1284 7649 1962 3313 
33 9187 19 3257 1908 1729 9116 6705 2105 1331 560 1168 2110 1531 6345 4856 6519 3593 928 4460 8143 6763 6697 528 9471 7306 3810 1542 8095 5065 2998 6364 2845 8069 
20 8509 7677 5562 7457 2842 5907 6898 582 2546 4852 2892 50 4560 9966 3516 3515 8999 6207 3559 5571 
21 4586 4507 9450 330 3802 7282 5847 7794 4209 5373 6820 7046 1253 1444 9170 8215 3312 9599 8934 4390 7467 
15 4644 8785 4300 1523 2330 2246 3561 395 8136 543 6415 8067 7707 7206 7601 
34 2327 8020 209 8991 982 7882 3759 1700 6907 6134 7341 7483 7192 6539 2785 9958 1828 4155 632 5585 6691 858 3023 2083 6194 8663 4161 5399 4861 58 1452 3687 7011 1300 
20 4098 7156 9595 8224 8088 9571 7403 6995 2522 4191 558 9713 2379 1112 3995 5431 5485 8654 7527 7223 
25 7227 8963 6138 4235 6122 1145 6308 5877 2524 1851 503 7443 5938 5918 6472 3876 4283 1149 3128 469 4723 1972 3665 8098 7252 
24 6694 842 3170 5954 8940 2654 629 7316 9441 2141 5210 8646 4440 5640 1956 2331 7623 6867 3899 9873 4530 4697 9765 7093 
18 219 7320 8786 3083 2382 7663 380 3227 9082 6106 4667 3216 1555 5492 1157 8514 9145 8994 
22 2176 9000 7763 9758 4518 2478 4970 5274 600 1449 1124 8162 3217 3822 1360 4707 6520 4226 6019 6434 6595 3880 
23 1815 4693 9813 3830 5566 6316 5511 3414 4372 1355 9276 4119 425 8801 3496 7627 9490 8563 9703 5224 7563 4479 8331 
25 3008 2605 3795 4666 986 595 2797 9272 249 9038 6406 5780 7652 5111 7254 1807 721 1241 1517 73 7343 7163 2224 8226 8718 
31 5222 400 1994 4558 5756 4652 5628 1494 1721 509 938 9754 8692 6830 4614 2739 4039 2590 124 7997 2306 1577 3944 8635 9814 2046 314 901 8282 2794 2463 
24 8271 4935 9805 7446 4520 9379 133 4651 2268 3902 8593 6996 771 6855 2615 8041 9501 1063 5752 51 5272 1118 1327 7700 
33 9670 864 6550 8187 6809 9684 8909 8687 7573 5933 3570 3574 5442 7062 686 3484 8438 1965 5645 2980 2085 9802 5363 3301 1126 7257 2266 3106 5051 2103 5536 5714 4846 
30 2944 5182 6392 2041 1910 161 2480 2107 833 3765 9157 936 946 9780 2721 6813 9730 8927 9437 1196 3771 7358 1426 6302 5439 3035 2786 2221 8941 710 
28 6361 3918 8459 8207 9795 9064 751 1239 9357 9346 9697 7886 5870 185 6347 4166 7868 4182 8744 9603 5775 2812 7395 7801 1488 8519 343 5543 
16 3321 4722 4329 9653 6704 3158 158 7200 7589 555 4780 1133 6373 598 2698 9906 
25 3647 4689 5134 683 2400 1041 859 8873 7605 363 8357 4118 9728 5549 891 228 4010 966 792 7950 5735 8320 1084 3012 1418 
24 8564 1192 8159 3031 4840 4992 7914 2348 5217 8844 9853 1321 6328 6568 4581 6284 4402 2472 5644 1419 3637 5545 3591 7173 
14 7716 8193 9240 4378 6184 5102 8325 9363 3214 1265 9699 8727 9990 5859 
26 113 2143 482 4088 2731 5433 3784 6784 5809 7822 6238 8199 3912 974 5524 2282 3060 8349 4022 4132 6195 9771 3792 8580 8308 6 
22 6913 9282 9926 8133 2825 9981 8151 5553 6692 5943 7047 5754 9961 3725 6230 1462 4380 2353 913 2193 2502 464 
29 6607 2881 506 922 8529 7642 4724 9288 4498 342 2796 8661 8750 3968 4963 1606 3955 6256 548 1808 2391 4610 1669 8089 3871 8371 8429 8980 7731 
24 3168 7114 200 3490 1777 8421 6222 7466 3731 3432 1736 6897 8841 9929 8651 1996 2158 6557 3153 9365 9551 7522 8087 7404 
32 2313 4536 3651 4421 6029 4410 1797 5267 4709 7778 2057 1861 5801 278 8025 7018 6556 1727 7071 4936 8531 2471 3706 3884 5229 9502 9257 9997 3238 8897 1472 2055 
27 1724 7186 9685 3430 9289 3949 81 4677 6910 2309 4038 3182 5180 7529 9848 6264 7504 3519 5947 7858 7775 446 2689 5044 1288 807 3259 
34 5402 3409 3291 3373 7604 485 2875 1692 3498 7490 3356 8748 4198 4632 2719 2943 8584 8753 7893 5832 4254 3125 1080 2131 755 8145 7052 6045 6993 3518 7131 6748 4186 2508 
23 6900 9406 9495 2112 6580 775 867 7609 8212 6622 1266 8539 4280 9416 9899 3538 5993 5573 6445 6998 5388 679 5891 
26 2507 1651 7430 6474 9681 7284 9361 2051 2850 2684 1572 500 525 3412 1890 5114 3769 4306 1483 2182 6817 7603 7413 9499 9560 994 
23 5343 1489 6164 5516 596 4291 8937 3775 990 1595 7498 2910 484 1420 1283 958 3796 4874 1316 3590 773 7424 437 
32 3667 6329 2006 3129 5829 1386 1977 4786 8228 6484 7915 8864 4892 7806 2154 5929 9366 8129 322 4681 3777 4004 5570 4023 5618 6929 3084 9294 3287 3576 6323 8722 
28 554 6139 4437 2511 6711 95 7277 6652 5642 6272 3482 6587 2415 2467 2846 4456 2804 8807 6678 8344 7454 9175 8526 8047 8411 2326 1909 3043 
14 7088 9974 4467 5844 4206 1855 8202 7639 9777 289 2094 3441 4286 7146 
30 8587 2589 9845 8747 6969 4607 3205 7697 5221 6848 9800 4893 774 257 2204 1989 1672 7400 4960 7887 2416 1858 5461 8364 899 1350 7748 6465 6997 2813 
18 6418 7104 6208 7492 6647 8585 3230 7944 997 801 1885 9688 2177 5146 2985 9552 7702 6994 
21 9698 8630 9402 6327 8682 832 942 5838 4006 4591 7538 1882 288 2662 798 1397 9279 885 1795 2114 218 
25 8698 666 2817 9177 9809 7187 4113 8662 576 1720 8576 5168 8829 4438 5084 3109 6599 2363 3192 6890 9373 8866 3797 0 722 
24 6780 5227 7230 3092 9947 9925 9941 8031 7195 4345 6267 6464 1434 3171 1895 362 5316 8174 9168 5413 7968 840 8337 8131 
18 6767 4648 8588 6984 7438 1023 5143 1130 1525 8068 34 8697 9009 8632 9995 9693 9811 8947 
26 6044 3461 2657 802 1873 7628 2217 1311 2173 9553 5380 6953 3416 9554 5484 7397 9293 9312 1775 7771 532 5834 2165 8369 5296 3749 
35 4056 9405 4885 2742 3717 3565 3616 4656 8112 5241 4696 2260 9566 3895 1979 6683 6821 7750 4033 5537 2990 2062 1920 2186 7095 8776 4727 7367 8066 4412 6291 926 4296 1261 3643 
26 2531 2942 3176 1518 5054 7246 8403 5082 3524 6962 8664 7680 5247 1626 6497 2342 5940 1122 6592 7317 1848 9432 5435 4162 3791 1705 
30 3410 3575 7585 1326 2997 2751 7712 959 1967 1921 7007 1516 9727 6129 7995 6860 3383 917 1083 7658 5467 2798 2734 3644 7183 7215 6533 6789 3110 5174 
31 5881 1605 627 9320 2455 4285 5668 4587 7253 6089 9539 9249 9355 4978 3101 534 2279 6811 3074 5905 2549 1829 6214 7059 8657 2671 637 4996 2073 910 3723 
19 1879 975 1843 7434 4887 7723 3844 3481 1151 5078 9582 3456 5776 6621 6788 9446 3172 8332 7115 
34 8086 2293 5540 2856 2635 4940 7665 1443 7769 4147 1264 7866 6824 8545 7237 8621 6778 3613 4468 2873 7333 954 6935 3678 6760 3037 4288 2339 4363 4418 5395 7166 4 3586 
19 8189 8774 3066 6000 2000 7916 9561 6659 8373 412 7091 3027 333 6928 2405 8231 2951 8959 5646 
19 2828 945 530 3263 2573 3962 2398 4621 3920 7982 8286 1687 5542 3096 1754 8964 3705 7881 2134 
17 1794 3510 933 6825 7344 397 799 6548 4941 6394 6701 1812 3787 3931 9123 424 3458 
23 7849 7108 9165 6956 4636 4884 365 2874 3854 7231 93 112 6873 22 8513 7061 7348 5096 7079 7953 6576 7586 7641 
34 394 1227 1773 8792 4396 3879 8367 4713 9232 6426 1944 1774 255 575 5958 9428 3266 9244 450 813 9522 7550 3834 7185 5774 8005 324 6097 705 2013 7611 8216 9507 8119 
13 6269 5332 7274 137 4125 776 9709 2887 7744 3715 831 5508 4374 
35 6843 2738 6924 9255 4807 7442 1175 992 8118 7730 5116 7048 3691 5610 9362 9330 9879 6167 8166 4919 5925 4276 6286 9945 344 9050 2666 3889 1044 4760 6421 3612 5047 8008 6060 
