30 3160 2365 4909 6718 1677 4828 3777 5474 4489 4732 5869 6741 3888 8597 1571 9077 3125 481 8199 4441 8795 9105 3924 5316 1869 1834 641 6442 8443 9346
32 5954 7175 2418 2640 779 3757 3332 8093 8488 4348 8912 8325 3743 872 5791 2606 3879 512 6924 2806 1684 6571 6297 5656 7145 1311 121 4518 1184 869 2254 7690
31 2822 2830 2086 8399 5153 3612 4573 6816 5742 8723 4559 7131 9993 3846 1280 6026 9283 4814 8313 976 3550 657 1388 8010 3478 1209 5650 3289 3958 9873 6575
32 2921 1573 1691 5997 6073 555 4672 9451 9317 6820 7753 7370 8666 838 7493 669 3895 5287 5989 9509 5043 5977 1101 2002 6801 3163 894 8979 5256 6776 2380 3334
30 5831 7539 4660 1442 4903 9961 5157 9172 2707 734 7816 1214 1459 1352 5378 6861 1117 4706 4686 2347 114 9221 1470 2834 501 1255 4791 2213 537 9418
33 7136 1062 6416 5116 949 6105 3151 4185 4736 5397 7352 6813 2495 4930 9207 2939 4148 6075 8667 2173 3007 6346 7293 6855 6702 7602 6660 3779 1446 1105 5859 1399 6598
32 3117 4796 6888 1590 540 3 3391 8046 2840 679 2762 1302 4432 2646 7071 6648 5024 3771 8007 214 4727 3231 8056 3337 6700 3413 5785 5225 3727 990 5698 6865
29 2820 9288 4797 5938 2384 7790 319 3299 6230 1431 1861 6183 8435 2413 9877 4043 7848 2362 658 1463 9744 520 5217 7486 2257 453 3421 836 1508
26 9997 6791 8971 4214 9076 768 4116 3821 1074 9728 1747 2082 914 4146 6079 8116 5733 8459 9319 1859 1874 2478 3311 1071 7885 8395
26 835 3104 596 6765 3139 5307 320 5390 5142 373 1402 6721 3941 7656 4800 2181 5980 7366 8357 1966 5624 8542 5215 8784 1990 582
27 4506 3210 502 6790 3623 593 7721 7910 5439 3320 6582 9303 2632 9424 4340 6326 2754 9597 6913 4242 808 9524 731 1601 9866 9838 2480
26 7833 4632 2003 9629 8368 9055 8328 4545 1810 1610 51 2651 7863 7056 4943 6106 478 9511 4429 4102 1953 3542 4584 5344 2915 7718
30 8450 9826 1746 7183 3126 8697 2024 899 7751 4521 9339 6364 7802 7282 2520 7258 1771 4851 5214 8139 8429 7506 8069 7469 6101 2824 2248 8110 9152 6441
26 2603 2563 1539 5149 5545 6374 2085 6657 4566 1477 2260 3798 9278 989 3853 5692 5139 1324 1153 7714 4798 5950 6332 4339 2007 63
31 2854 5326 5049 928 2135 2439 8292 2403 7765 1688 8505 6693 3839 4578 6846 6111 2130 3376 6965 9730 6064 1844 155 9306 4336 7154 196 2385 4683 5779 7162
27 2139 5966 2293 8549 5714 975 4044 110 1889 741 9007 9250 305 8168 4125 5419 8671 8674 3935 3200 3995 6751 5805 9687 9645 4539 6804
28 9670 8607 4246 6245 9811 721 7842 7513 4575 5822 3229 3315 7877 2017 6208 254 3574 9070 6087 5754 5141 6465 455 2094 4895 578 5033 2994
27 1959 7613 6294 9304 8471 5052 6419 1871 9889 9368 636 1621 9876 2193 4623 1973 3261 9516 7497 5328 9608 9181 2638 6577 3816 1313 8265
26 1785 1364 61 4442 4252 2868 1888 7931 8628 3548 9158 7612 7058 7853 3599 1537 2270 7632 9401 7255 3673 8308 9148 1655 6960 6596
31 2635 2191 7918 2469 3992 8701 1521 6309 7748 1532 21 6893 5766 5579 2534 3063 7102 4129 6850 302 7079 268 9195 1755 3980 8838 692 5787 1027 2582 6511
27 6933 9248 4951 8781 7798 9273 9967 2569 3272 74 8309 1011 6927 8821 7242 2342 2466 9624 7628 2662 5858 2958 3032 4012 1594 3057 2634
31 5260 9764 7251 3373 6125 5318 2609 6369 4745 4799 8728 7000 781 1482 984 2475 1057 1195 538 3728 4464 2081 8863 7311 8951 2784 6077 9805 5747 3697 5513
30 493 3972 3339 3919 3291 3238 1095 6395 5302 8687 3398 4818 7554 2014 3801 2527 7750 3378 7067 3223 9399 7977 9523 6654 6041 3719 8619 4097 9770 6479
32 7590 3827 7031 1021 1860 4824 4186 1588 5522 8594 8609 4809 7111 6097 7328 2124 5438 9902 1070 4139 9734 2407 7433 7372 622 2072 7644 892 6358 1010 5365 4361
29 333 3265 9791 4006 5668 5680 9915 6341 5433 8235 670 8944 452 7525 4612 4218 7587 9666 2631 4321 5340 8800 4972 5866 8287 5016 1263 2059 2494
28 2098 8406 1339 9933 9130 3164 930 1299 5760 4885 7847 7706 5834 2686 4918 8882 7795 5884 3824 8537 763 1984 9493 3712 3493 516 3159 4915
27 6261 4574 3640 2252 5860 1996 8541 7876 4687 778 5890 1144 9081 8621 8732 9409 3419 7879 967 6259 9402 8922 9905 1396 3970 3472 5823
27 7759 9718 5528 5156 8540 9397 2359 8679 7660 1007 4032 3010 231 3684 9066 7808 2899 9085 3964 7920 7818 2619 8088 7523 2709 6573 5002
28 2734 482 4989 554 915 4769 5298 7679 466 111 3637 3631 2705 8332 559 1469 5688 524 4649 1394 727 346 3578 1538 4995 4680 2371 5320
29 6599 9890 7760 5939 5492 2 9129 7177 9708 9622 7240 1317 9173 8558 2817 2225 4112 4946 9726 8525 1284 3115 7339 9977 9667 7050 6094 824 8805
23 3060 3899 1675 2930 308 3427 4413 5659 5350 5661 916 866 2300 645 5212 2702 6937 5264 3699 4108 1812 3668 7322
28 2446 9360 6785 4803 9636 2746 9494 2409 9853 465 1724 239 9135 2666 4839 4113 2341 4596 1190 5194 3617 8209 1129 5702 8219 2904 8092 7153
31 2234 4949 27 9942 6664 8438 5258 4677 1854 800 2788 871 7243 8734 8721 8775 639 3458 9046 5655 8403 8656 2688 6880 4729 2597 8955 2514 1801 2016 9307
24 5454 5370 4754 4068 2169 4156 4104 7065 7045 8318 6585 7072 8762 6223 4704 3056 3822 347 9377 5294 8895 7934 8194 1289
29 2922 3496 528 5310 4144 7203 3079 2797 926 2846 5578 1003 4829 5718 981 379 9999 812 8107 8444 6558 6349 4755 5190 6 5391 5285 1738 5240
32 2772 3775 1139 2048 5251 5525 2138 2642 4273 1541 252 1693 4856 70 521 4002 2833 3034 1456 8333 1640 4826 5034 1026 4772 6840 1112 5946 262 439 3474 3422
32 8033 7901 2091 7720 1924 350 7707 8204 3242 9240 4562 1032 5963 5497 4603 1353 8759 7898 3193 6039 8312 3497 5663 8359 7055 3450 8695 2779 4840 4827 6830 6730
27 8103 9696 1752 5475 9646 2614 5086 289 6551 1174 6675 1207 5440 5701 5854 9552 4883 7834 6526 2696 458 4620 6661 7683 638 4590 3530
32 4172 8183 3383 4802 1429 8421 6049 7054 4734 8840 8760 6574 2935 6085 6728 2944 1662 4365 7622 7437 9017 2259 246 7226 6243 5933 9605 7376 7094 24 7123 8887
26 5634 4568 5965 9836 837 4096 3644 3429 7664 8067 8552 1126 6544 7725 1832 887 3880 8379 4285 3358 6907 9613 587 451 5635 9343
26 6428 5262 49 3417 4486 209 1707 5401 9270 472 2799 5584 300 9228 3730 1146 1530 5622 505 6964 3296 9225 4105 1295 282 2507
27 7245 6151 1976 9073 1210 4393 3871 9675 7455 9500 8284 6213 1885 6692 4421 8242 7081 1216 6934 2377 372 3219 105 4682 5845 5042 6014
30 45 3877 7494 3701 3396 9520 3667 5850 9350 4117 8974 3608 9116 1321 6337 5135 7385 2485 297 5464 2131 8230 9341 3070 5017 4615 9579 8151 5044 1199
33 8854 9447 3878 9747 8003 5968 1907 4278 3326 8812 3304 3336 3431 7785 7429 2790 6484 153 3213 4496 6315 4595 4725 562 5143 6467 4505 7289 7477 882 953 6537 5193
33 2368 4494 2785 5794 9806 6520 2912 9803 2745 2247 9425 290 7906 4316 954 1830 6226 2889 8758 507 6939 4187 4846 3093 1814 4485 4039 8343 8018 4913 5375 4419 4131
32 9475 6956 2607 5653 7982 1417 2555 6421 6566 4221 5253 261 8877 4284 7308 6253 1856 2464 6134 2462 64 1291 829 9226 7113 712 8929 8515 5725 2703 3906 8879
25 5679 8961 7475 4917 9139 1681 4887 2096 356 2735 5964 5063 8886 5786 3576 7425 7403 8102 2454 7280 5430 2189 7850 2267 411
24 3042 417 7744 9772 6221 8793 4638 9012 5768 600 7844 7556 8370 2886 6555 7140 5728 8567 6002 7738 1615 6269 1773 2451
26 1666 5503 9251 2914 2218 7375 760 9851 5523 5749 1867 4266 403 9769 3152 8599 8155 8571 672 1078 7139 8527 7604 6012 6626 1099
31 5266 8383 416 4279 5456 3733 6794 9467 6312 1248 2100 7076 6434 322 1761 3983 3343 5242 4202 9801 9926 7204 1331 1500 1633 4337 3207 8060 1638 9860 8618
30 6440 2163 4671 8983 7979 3855 4697 6634 8741 2525 8123 9921 1206 6510 7948 4414 5013 500 9944 5807 7303 5140 9508 9557 7411 1543 4346 7764 8768 2681
33 3039 8299 9243 5197 89 9817 2137 704 3804 9456 6522 5343 2892 3212 2243 3298 5913 7509 4276 815 5479 1581 2473 761 1334 8173 2284 4326 218 1762 2999 8402 6202
25 6613 9913 5195 3811 9625 1689 243 168 3925 384 5282 5962 9326 1496 1673 414 100 9566 8405 7600 4746 6532 166 3062 3375
36 2440 6683 1751 1862 5128 3518 8439 5144 4553 9565 6547 9554 2303 4929 7950 5106 7404 8094 125 4128 8926 3102 8480 6045 5061 2880 1381 9061 5709 3752 1518 9099 6988 467 9505 4037
25 6198 5325 4474 8717 7723 1133 1865 8642 4782 510 1102 1894 4845 1763 2625 179 3915 7814 885 2503 7019 8712 8893 8792 2528
32 1434 7382 7574 8740 5129 9079 7603 4718 2673 6817 4889 1668 6590 1618 249 4598 7012 8031 9040 762 2839 6195 3282 2035 5961 3483 6659 634 7396 8660 3226 5029
30 1179 2156 1512 5608 8850 7894 9980 7086 6446 8154 9499 8025 4124 2474 3095 5833 585 5505 8158 7181 5385 4359 5602 8524 5089 3002 1714 2008 3829 3818
28 8019 5130 7042 1197 9322 7773 2391 1657 7993 1692 7925 4443 5395 6612 2973 4779 6321 6539 1645 3142 3189 6290 9291 4407 4384 120 3918 4747
27 156 3384 9460 1556 3903 1890 5102 4858 4356 3678 8894 8294 6763 8015 9547 418 8425 8827 3245 7325 2486 3613 6289 2618 8165 9748 7063
28 6812 7871 5472 1614 4181 8834 36 3683 2280 8611 3246 1706 6991 8414 8119 1625 2750 1234 6047 6852 3374 8811 1281 7413 8830 5621 9802 7911
29 1711 3027 5461 2815 5705 9407 9864 8036 266 2373 8861 9845 8109 1416 7155 2333 2045 1733 8612 1438 8354 8229 3022 9637 517 5161 870 849 3232
26 1134 6001 2554 6003 9378 2147 8933 2161 7651 2062 3290 1097 9389 1052 6438 8196 5463 5871 5250 5342 7807 396 4698 2400 8298 5284
26 5876 5955 3575 8282 2141 6912 3486 5739 6523 5121 9979 7237 5027 86 4955 324 4086 148 921 3627 1718 9517 9030 8771 6133 6627
29 1566 9688 6595 9797 7724 780 791 4315 1897 4306 5601 9793 7596 9370 9448 3137 9098 2309 1563 5494 3691 2856 6317 7457 2203 9894 5591 2587 7021
26 2758 3181 9131 7109 1390 740 5303 3170 2318 576 3791 2116 8371 1308 8610 1977 5495 1075 9357 6733 8451 5039 3687 2170 8574 1363
30 5959 8468 7569 1410 8699 919 6731 6167 4953 4388 1423 6171 8857 4835 2724 7973 8140 6653 9295 6827 8662 4333 6109 8716 5234 6086 9713 9001 9452 98
28 9151 8669 2335 3201 2966 1076 5682 1004 9439 8349 6750 1233 7387 5169 5488 5073 7233 6696 5643 1789 801 7373 2733 8101 699 7332 6159 9841
25 5604 3833 6640 7449 4400 4391 2920 2738 4724 3545 4401 9092 5874 7276 1783 3837 7476 1803 6019 7445 5184 235 8582 936 2623
22 9861 5345 6030 2965 610 3830 9781 7580 9818 686 855 3609 9214 7563 1357 4036 5819 1316 9244 8228 8412 4625
29 4467 2414 5097 3681 7253 5151 515 2710 7117 1839 9854 2009 4774 1320 2019 1458 8175 3890 4305 9009 7266 9603 857 8058 6181 5092 4897 5269 5517
30 9832 4922 2330 1014 3844 6922 9147 6618 3556 2179 8469 8499 9839 9857 3795 1642 6345 30 6462 8764 3814 2975 4301 3624 9301 9953 6327 9423 4965 3810
31 9738 8039 8386 874 8324 2186 5182 6292 1282 3513 7629 6185 1708 9780 8448 3094 7112 8560 758 8310 8839 8098 3966 29 7619 3510 9788 5918 4502 3048 4347
32 8725 6152 5112 7279 1969 8375 5637 2680 1304 3144 4665 4223 8855 4180 7692 8982 9156 2665 5283 6805 3165 5558 2294 4705 7119 8247 1115 1022 3467 6955 7747 1637
29 2863 6475 40 2756 4716 6779 7239 3203 6550 2919 7024 3774 4178 5550 1389 3303 8329 7888 1240 5572 3792 9062 3154 5402 31 4561 7801 3633 3143
27 7080 687 2526 5542 590 6036 6971 7709 8562 6178 9160 3061 5519 4328 4310 1033 1246 4837 864 3564 8280 4324 9602 2483 5359 6673 4605
27 3883 553 9039 2506 2401 4298 420 8358 9089 7059 7846 8446 6457 4368 9716 7564 9140 180 1252 2641 5824 7480 7342 5459 1705 2481 2719
28 2150 929 5241 7929 6756 605 4694 1127 6256 4591 6018 3502 8650 9344 3211 4614 1 2128 2271 3414 4899 1949 3861 7601 6533 3601 2895 8465
31 691 405 5942 6474 4476 6464 3335 6274 7046 9090 6552 6941 2761 2739 7033 7700 5187 8837 6853 3428 1065 9541 5145 6986 7524 7711 8117 575 5712 3106 7886
27 7318 5030 5944 9202 6961 7543 8663 5351 8968 22 4325 7374 84 9466 6471 318 8401 3013 1213 9518 4711 9132 4121 464 2942 2850 9577
26 3516 5917 2396 215 813 1904 2289 5384 5175 3507 6486 6945 9609 2187 4525 5154 5640 6788 7446 129 6316 6887 737 2345 2789 1533
28 5455 436 5973 7516 4926 4001 5201 4193 7462 7727 4375 4343 7882 8498 6403 5957 8113 8048 6536 1481 10 8174 3710 2828 3161 3957 5851 2217
28 7678 9850 5537 3953 9258 792 5218 4465 4588 2989 3797 2262 8938 5993 3477 3674 4051 9671 370 5697 2073 4971 4651 18 8823 5196 8317 4771
26 389 698 7695 3278 3680 8634 4377 1895 6296 1309 2178 9216 1650 6174 4120 8578 2419 7570 5103 4806 9331 6619 940 7435 7965 3808
28 6130 4447 2241 5511 6983 6504 1198 9182 3905 1039 2028 1045 1034 5093 3657 2753 8200 8534 5415 8767 201 9379 8160 9881 5864 8164 2544 5361
27 8980 702 3914 1560 9907 8006 9943 9186 3784 1269 7257 9677 9906 2589 895 5095 9757 9264 8336 4894 7548 5576 459 2065 2311 1288 5216
28 2995 7229 7006 6463 1051 6278 9909 2450 8000 8040 5222 8147 6672 9703 4376 9736 8223 7196 5631 1180 7137 7659 1347 5466 9045 7004 7049 7456
24 9058 5233 6778 8273 3731 3573 794 6328 7745 6210 3456 7682 2278 5001 398 9611 1116 1432 5452 7287 44 5549 7804 9558
26 9053 5801 3503 2940 7890 6563 6844 883 7390 7522 8813 7157 1963 5775 8773 1578 5750 4939 7686 9013 2865 4907 9112 3173 8114 2288
36 187 4260 7855 3991 7636 7442 1715 2166 7176 971 3619 5556 3037 7202 363 1256 9704 2235 5994 6100 6545 101 4645 8587 3371 6394 6095 1208 9146 8853 9620 9759 2706 951 4635 7326
28 7643 3258 5387 2253 1025 2057 365 8264 6795 8206 7811 292 6908 5132 5732 3677 3418 3253 5047 162 7501 6583 978 8077 4643 819 8694 9600
28 3190 7030 9635 8872 6242 7572 3103 3984 1121 8988 2030 2040 3435 5332 6375 6743 2034 5810 7357 438 1356 2476 2443 25 9947 5774 6480 8009
30 3183 9443 8657 8017 9966 7985 1260 9678 9302 7227 5434 3508 8536 8722 7557 8373 3004 7127 9005 7640 7599 767 3521 4270 2866 7741 7841 4111 277 6632
30 4904 3460 7244 4710 1794 9223 7296 8389 409 5490 5096 8604 3695 4813 6502 6282 6841 7630 1225 1710 483 4508 1501 3655 8306 3938 6503 9916 2957 5674
30 3425 6879 5113 3659 3306 2353 2701 7488 8201 3587 5838 8150 1647 4582 8665 5664 918 920 183 6384 1403 285 6307 7797 1605 7169 7799 3948 7100 9918
25 2717 3832 94 6931 1909 9150 4030 9394 2728 7483 3785 3228 8824 8752 5426 4838 2910 631 2676 4029 942 2844 1015 3008 9510
28 7849 6982 4057 4239 5109 2767 7845 3847 6299 7110 3558 8517 8876 1694 1460 1128 7739 8908 9587 7573 1164 1528 9086 9450 4297 4237 2249 9941
28 6885 1425 7014 7060 1123 9777 1300 513 2266 7592 4785 4383 5306 8871 2226 3204 8420 7684 4879 6894 3597 4569 948 127 9869 6189 1551 3107
29 8232 5136 1704 7969 1124 1448 2221 8239 2242 2337 8603 2835 4440 4092 8661 909 2800 3026 9598 6621 9553 7285 853 4445 9631 6141 796 9188 6172
32 9822 5645 6980 8969 26 5207 5400 6767 9856 7896 3430 7036 569 4992 4743 7953 917 7758 9683 5357 6127 2515 2180 206 6355 7101 4993 4927 426 6271 5473 6065
27 6340 5532 2263 4195 8884 9825 6676 4251 5406 1081 3892 7830 9824 1726 7212 5040 4654 3433 4330 3789 8557 9101 8032 3120 7066 4875 3708
28 6430 1492 7015 3333 4966 5244 8462 7675 1132 1242 9835 3058 3407 6882 8686 1879 1892 369 7673 1073 9171 6071 2875 6899 1947 2523 7805 3082
25 7851 6214 5031 8193 1373 7872 7916 6084 332 4028 4100 9618 3390 2204 2540 3641 5331 6958 9269 8531 9680 4721 9582 5928 7134
28 3448 2297 8166 3172 1597 6876 1203 8001 848 3813 7284 545 2044 406 9256 5191 5662 3960 3718 3365 6825 8852 6569 8994 4811 3074 7555 4087
30 6056 2517 839 3099 9754 6985 4722 9648 9491 3130 9720 9575 4344 225 6749 2032 2283 2697 1845 9137 7269 9305 3498 9020 1305 7478 9971 6217 9015 6614
24 8172 8432 7638 1772 7383 1293 5353 9078 468 2931 8907 3284 1829 1838 5827 7210 8156 8380 5221 9576 2627 9765 2786 4275
31 5371 1942 9200 5910 706 2346 185 4452 2832 5071 1104 1395 3174 6601 9763 7363 8221 6962 6120 8997 9846 8822 6067 8163 9364 1878 4411 4619 3962 3279 7756
27 2870 1599 612 5952 2482 7742 8162 1923 9121 1944 2937 6872 6354 9249 8512 6399 6414 3961 5531 3754 9758 2871 7657 7490 4490 2467 9837
31 9145 9194 328 8977 7976 8711 7988 1306 7401 4921 5405 1176 7532 6418 9050 8226 9405 7635 5431 5288 5676 8962 9065 5985 497 7008 2620 764 9782 8385 2423
26 2223 8896 8481 1700 5051 8281 5916 2499 5843 8260 8189 3700 6175 8529 7292 4070 72 2023 4203 5339 8408 8302 1393 6074 8268 7533
33 2584 1660 7216 5886 968 3177 7715 5596 5084 4334 584 2577 4986 2617 48 4477 4424 3535 6938 2650 5745 3307 7389 4296 3135 856 480 4592 7921 1315 7947 6051 647
32 5254 280 9498 8952 4415 6005 4175 4795 7347 6978 5900 4158 7472 6914 2656 7388 4226 3650 3971 9998 6875 9521 3230 293 5589 441 4138 9320 574 2532 5410 4300
27 4114 8654 1113 896 3442 9263 7022 3854 380 1020 8623 2122 5290 9233 6433 9427 4752 4513 8580 4253 7862 6858 1279 7930 4353 126 6216
29 6975 9117 6935 4386 4567 6519 2536 106 194 8213 7939 8899 4546 4157 1382 5924 5880 9567 7510 4159 3749 614 3841 9082 3760 4422 6680 124 4644
28 9141 8678 854 1175 5436 1238 5911 2055 2948 5118 8426 623 6521 6180 1781 6725 3466 165 7193 3309 5019 9813 1509 5526 6524 4526 6942 7559
29 6096 7186 4236 9492 9632 6410 221 2770 2313 9870 9153 5035 5420 8605 3585 7431 7779 6649 9676 3252 6642 1658 3688 6916 7002 3305 7978 2678 4964
33 1111 9960 8177 2813 2459 6815 4307 9619 9327 1435 1695 2465 1091 4925 1170 2220 7075 9196 9483 5627 4162 3162 2460 8692 5271 3526 8252 983 7192 2441 9444 8683 9556
25 3660 2847 1779 4152 81 80 7597 8677 6814 2977 8149 9595 7733 7881 9528 2988 1970 6549 7420 3593 9514 5812 6052 4512 8314
32 4891 3198 5756 1531 3921 6748 2906 5574 4530 851 437 5355 4679 2725 4873 8337 3449 8883 5270 6607 7829 8082 7961 3485 3357 139 3294 1900 9032 5907 8986 7194
35 7320 286 2793 2855 2693 3763 7579 304 5229 703 9477 8022 177 6606 2120 4511 7919 3514 9430 7126 7378 6396 6739 4023 6685 5469 118 5710 8179 6431 4412 8070 3901 4063 9958
29 2600 1805 6092 9612 2747 7149 8718 3489 9660 5070 3146 8956 6137 178 7167 6565 7500 4534 9641 3788 5788 284 2437 197 5615 3717 2275 2273 3870
29 295 3471 2715 2195 3267 402 9183 743 8511 4988 9855 2818 3251 5581 4335 7803 1013 4847 4299 6777 3965 8923 9108 4042 172 6266 7697 4418 3116
28 9191 7313 7781 4794 288 7180 795 8381 9461 9658 4691 2078 6224 8591 861 2882 7994 9706 2827 3793 6391 4403 9661 4367 9143 6068 1727 1778
30 6781 6597 7358 69 4910 7485 3917 0 4025 1792 1092 7275 2887 2390 4160 475 1536 263 7129 2344 3967 9834 1110 880 88 6943 2105 3931 9100 7775
31 3636 9440 4543 4088 3694 2578 5896 1340 1549 7815 359 2354 7130 7044 2757 9426 842 7832 1006 8064 8430 7252 6541 2285 787 2718 2510 1486 6755 8631 5107
27 4967 3119 2954 8885 5534 6869 7408 8913 6744 3100 4931 8466 1493 3147 7696 5804 9312 2364 9653 1591 5929 5814 5319 1857 4320 8100 1875
28 3353 1187 9213 330 3746 979 1593 5424 6738 6236 1883 1643 9952 92 57 6119 2200 3276 7070 5165 2240 963 2896 1786 806 3138 3038 3436
29 5482 626 7581 3150 9816 5210 3783 7526 5176 4792 3986 7531 5281 4215 751 8362 3067 6953 1931 9530 4142 8881 9691 7998 4666 891 7631 6142 9784
31 3187 7047 8125 5675 6871 8530 3455 3836 970 2794 6553 8783 2071 9917 7267 799 245 1828 1950 2229 8233 6604 4007 3270 9472 4319 4450 9285 7214 7537 7577
31 4611 159 9992 1745 158 8050 1735 5935 7784 4292 2760 9664 8482 6156 5409 1272 9387 985 8984 6529 707 9684 4484 8192 2990 9542 9767 6404 9330 1690 4977
27 2849 6668 5967 7864 9984 6516 5744 964 5887 9314 4396 4204 9862 7459 1914 7018 3897 8757 8198 774 935 1703 2190 9201 8749 2306 9018
30 820 5837 1038 3630 1835 9899 15 5079 3243 4055 4726 9281 2943 1723 4952 115 8334 7099 9673 650 591 3768 6158 4000 4468 5337 6761 8596 5204 5486
27 9581 1271 7529 1036 6509 1795 9489 184 3234 1899 6115 9458 568 2714 211 4016 3736 5607 6420 7512 113 6534 4841 3366 2386 4364 1154
28 8598 6257 9104 8052 1631 4514 6866 5769 1218 881 2643 3849 9 367 6170 9647 7943 9125 9373 3538 7197 1527 4884 2505 9383 2585 6179 960
28 719 9858 4392 5529 9019 8936 1994 1322 5296 7703 4684 798 237 8842 1461 9421 5590 3319 2026 9693 6165 7274 7594 8127 932 5158 3909 2444
31 7138 7132 90 8080 4458 9384 8615 2992 5784 5862 7670 7334 4906 8989 6735 1494 2151 2043 8217 7231 2420 3916 2605 5025 1586 7354 9208 5849 4135 4767 6148
26 9392 4634 4481 8890 1380 8727 5396 1326 7484 3603 3453 4423 1409 6851 4970 649 3248 992 5626 317 1017 9124 8409 561 1268 7264
29 3016 4049 7297 182 191 747 9416 8418 3858 6162 1310 2509 1444 5852 4382 213 8975 8319 6760 5616 4073 6089 1782 2987 9277 7616 3406 7861 2810
27 6507 3076 6154 5721 479 60 5020 4983 7299 8478 1730 4520 8413 710 9411 5758 3662 8023 4261 7826 8704 242 2160 3842 7166 4437 4956
28 5588 1060 1140 961 432 5416 3186 8365 5053 4241 9654 8826 1029 3389 1927 4570 1732 5799 9614 2458 7444 9849 9878 6921 3652 2968 503 3517
27 5832 2351 5632 9790 8924 1998 9362 9949 6515 8253 258 5848 2500 4551 5477 8210 4780 5891 9843 8508 4210 3438 4959 8845 3404 2157 5255
30 8141 6891 4303 314 5069 563 7084 4165 8072 1229 8553 4003 1519 83 1698 777 376 7265 6968 6724 3473 7447 6691 5762 7987 7583 547 1991 3876 6091
28 9106 4501 6319 7793 8297 4436 3009 1913 6452 7061 8828 4031 7536 7873 609 8255 1636 9630 5487 2029 6682 5421 9333 8690 7788 5960 6639 697
31 3249 9361 7481 6283 3283 2154 6057 943 8794 6674 3121 8248 5840 6406 1774 9712 9564 7236 6124 5672 5078 7057 7736 2162 7128 5996 2537 9987 1891 7654 6422
29 681 1817 6600 6973 9096 8726 2410 3086 413 9029 3488 3981 965 5730 1613 4498 508 4405 944 7454 8326 2392 8576 6832 3993 2031 9296 9527 6588
29 2038 724 5703 3169 3781 6177 5783 7028 2064 2595 7503 2857 7340 3584 6272 4633 66 2411 9928 3751 9574 1155 9789 1686 4936 5586 9358 3504 6491
24 6570 1415 736 2144 5990 5224 3949 1009 1759 230 4941 6976 7288 210 982 2593 4118 1884 8809 1318 2427 2667 4820 7854
30 327 7735 2090 5984 6970 6936 273 1053 5867 5223 5105 9308 2083 5059 9964 55 2657 3753 494 1858 3184 4604 2172 786 7562 1328 2197 7521 6371 8816
31 9351 8246 3643 7552 850 7575 1276 1093 1592 1012 6559 8874 3742 9412 1880 5162 3377 3896 5648 2660 9239 5563 9206 6579 2978 714 7617 8916 6496 2804 9192
22 701 3025 5334 6402 7232 4355 8673 1253 3675 8330 6948 844 6837 1341 3569 9234 1902 1811 9962 3979 4962 531
28 1826 9246 4701 3519 9702 7986 8250 3114 6295 5403 2050 1742 7321 6147 5565 222 1632 5393 2580 9000 6662 5981 4783 2626 573 1270 6264 6301
26 3592 9743 276 5349 663 5654 2018 3651 1797 5304 2314 1294 4213 1383 52 8186 4499 3097 6116 5649 5009 651 7856 9573 845 7796
27 7674 4107 5846 7384 8950 9268 6262 8417 1160 9994 5133 1749 223 4074 5540 193 904 1450 1940 6070 7567 2302 8606 8043 6495 9164 6542
30 5835 9727 6461 4507 3295 9752 8954 8012 173 3654 597 360 4882 6719 9091 7069 2379 7003 8608 7780 3658 8456 6688 5110 2501 8953 6029 1136 4871 2436
28 4115 450 8625 7026 4408 3722 5435 9880 5090 8055 9087 7108 6367 1744 580 2251 6698 1169 6110 272 1843 9972 754 6339 6717 3148 2556 1177
30 586 1568 3179 5908 6655 422 6379 662 3724 4958 1986 8191 5080 8814 382 9197 2658 4893 6712 6863 9294 9965 1455 5932 732 4381 7090 7729 2431 7936
30 3440 2711 2202 5237 8906 7974 3033 2591 4487 9178 3494 7443 6143 6006 96 6302 4738 599 8869 7160 8181 3862 2117 8763 6709 843 1672 6498 8167 4576
27 1408 2557 1148 9884 785 8651 9485 174 2415 1872 8214 642 8106 8115 1873 6904 9323 325 6900 9102 3572 5660 2819 6932 4707 5227 7540
29 7782 5673 3704 5889 4870 4957 8445 4304 6658 2331 8398 2457 5322 9067 2325 7949 8925 7586 5577 9021 588 7479 7 6477 1497 8084 7106 7553 4821
27 4182 6857 2769 291 4018 35 4478 1485 2558 3330 7355 1085 4090 5443 492 4557 912 6734 6285 2628 4427 6455 5085 640 6506 5877 977
32 7277 3693 9940 5148 7952 9831 6616 9583 2542 8617 6454 7990 6192 9800 9390 5546 5790 2568 7273 490 6775 8208 2366 8888 7220 6251 3274 3985 9094 1851 3531 2103
30 8044 8710 5740 9804 5483 1600 8108 8564 6994 3803 9808 8013 4290 2825 109 1483 4723 1054 7836 2488 807 5893 5888 5358 6909 2104 7770 4735 5050 3021
25 3155 773 457 2304 9095 8178 8649 3388 2654 5314 6238 832 6742 9823 6249 2449 2102 3257 3996 1995 4287 4954 1323 4963 7502
30 306 8207 1066 9120 4248 2622 7464 9795 2233 6847 9842 5309 1935 2092 3629 1223 611 5642 8461 1224 1523 5920 4932 1628 5408 8002 1428 3956 655 202
28 8078 2332 8400 3950 4034 5066 53 8532 565 9035 8691 3806 8796 8688 2692 303 247 3089 6641 770 7461 2177 1378 6136 8376 8272 9829 7178
29 8858 2713 8205 7235 4091 9352 7116 3049 6686 9939 4264 2629 8347 6646 8489 5356 2653 4493 1903 9337 495 1513 1570 1337 2398 5936 9003 7806 6576
26 8544 8835 6168 357 7957 5126 8756 7201 3528 8506 358 2522 5329 2877 924 5839 5373 2206 2292 8304 4786 9026 8075 4222 5398 7362
26 3873 6729 3679 4480 9454 9540 6615 219 2547 8859 7549 729 4167 2432 3113 3432 6759 3737 5641 5364 4342 4510 2731 3607 1678 6017
33 9601 1030 910 8733 4126 5796 9571 3780 7078 3254 7135 3506 7068 4430 198 6365 9560 3596 5246 9144 7646 7874 7971 4744 8998 4362 8940 6408 6356 6667 9731 8387 3399
26 3216 8143 2860 309 4788 5010 987 7305 1215 877 9008 4258 354 6839 7051 1569 5544 2471 7892 9903 3661 9134 9927 4793 825 2783
30 3491 9589 2604 1278 4784 4192 1138 2744 6747 2175 5074 6697 5811 5611 7025 9996 3129 7889 6494 1471 9807 7685 6834 8275 3838 8810 7951 5432 3080 7234
34 1579 6488 9755 1554 3845 2279 6128 6874 7693 5976 5366 4857 9529 7935 4295 3321 5504 4761 6166 8999 6946 1941 608 8570 433 8521 506 50 8739 6769 1237 8682 3285 5638
29 4523 3581 1925 6578 8841 4200 6304 8911 425 8483 8602 5480 564 7860 831 361 3043 1720 9929 5087 9479 9433 2732 9034 2721 7970 4548 6235 4184
26 4119 957 9037 5247 8613 1239 62 5188 771 1767 7450 644 1948 7298 9588 8497 759 8397 2543 8428 9348 4255 8522 5870 4832 5470
34 2586 3361 9522 5751 2350 1267 4286 6322 8293 1487 939 2674 9338 2511 6856 3484 5818 527 1952 922 3461 3287 756 5778 8664 3221 3577 809 2393 7152 4532 287 8753 7649
29 9180 4830 1893 5213 9042 3620 3851 1440 3480 3887 3166 8391 2153 9280 8675 5346 2110 8643 7627 7913 897 9167 3111 4571 9679 4197 5372 4775 7207
28 3831 2765 5245 9385 1422 7519 2768 6500 1151 4758 4577 3035 3553 6206 6176 6996 270 7626 8921 5179 8729 5232 3451 2123 1484 6647 2611 8311
22 3766 7487 7394 9219 7144 4309 888 5045 7009 1661 7681 5239 3602 6689 8947 9519 3947 9004 4646 6169 4890 9109
29 1813 8152 9699 9735 629 1760 7412 2853 689 2097 4460 6033 2370 4749 2560 1598 4010 8419 1084 4920 1232 6281 3848 3614 9705 2911 696 2952 470
25 3709 8128 5041 5462 6284 3537 4183 7393 5146 6711 5647 8047 8659 2842 2683 7924 2327 9551 9512 5004 7895 4369 509 8195 4866
28 1999 5160 1130 9075 3618 9559 6995 6966 5912 6409 4527 9760 9179 9261 5202 1114 2972 7103 3445 2816 3523 3739 3469 2612 6053 5795 9615 7568
26 3922 8366 5077 5696 7980 8494 2435 8262 4888 5064 3834 6993 5761 4199 3437 7546 461 7350 3217 5684 8126 9335 4271 6447 7903 1911
33 577 9820 1816 8745 9190 7185 6859 2433 2470 5502 4652 2924 7188 6429 4098 6426 234 2888 3047 1495 4865 3852 5636 3999 2277 2196 2669 7897 1449 4580 556 1503 4978
23 8786 8170 7011 6910 7992 3275 8454 9762 974 4021 7247 9002 9729 4059 5899 2453 8930 3509 6239 1583 3237 5276 8096
28 6042 8372 7642 6425 8919 6407 2841 1055 956 3195 9084 4110 9919 2184 6063 1968 1453 4656 3790 3732 3761 4563 5243 312 5582 4026 3758 6806
26 7653 1846 5934 4217 5005 9241 7598 7142 3158 7291 6191 8892 5200 3974 4288 1535 5248 5773 1955 104 6080 2360 4008 1975 4224 8941
32 8424 6897 548 7219 1863 8751 1985 4053 3703 5125 7392 4341 2513 1825 116 8278 805 3180 6146 7189 5841 6232 4778 401 9722 8632 8777 486 1361 1916 4556 1596
31 3875 2648 3551 281 6000 147 1368 3745 8700 9093 7209 1548 1163 8538 8020 5450 2837 4934 5567 6466 4860 3178 2074 5521 1474 5559 1150 9995 5836 1864 969
27 526 2766 7421 8624 2394 2771 9231 7614 546 5289 1147 7792 8135 4054 5252 2690 9901 5625 4024 3676 5300 8685 3859 253 7789 4268 3444
25 1808 4773 6234 404 4834 2101 4015 484 8680 7419 2891 683 6228 1439 381 424 3566 3787 8449 3713 2261 9535 9580 8819 3554
34 9413 9957 4390 6265 9227 5669 9128 2430 5 4282 7561 9044 9737 4040 2867 6449 8231 5427 628 7146 3250 2387 6334 1231 9237 154 725 5180 3369 1798 6397 8743 4708 1868
25 5014 6497 1956 6623 3954 3036 1674 8920 3544 4647 1172 2900 2984 7271 4509 613 440 9473 5362 4220 5715 8788 1227 9991 3570
29 42 6250 1776 4817 164 2541 3770 6630 9771 7400 7941 3778 2056 1498 4637 958 3805 2929 2997 1296 3726 11 3586 5515 6920 2041 3468 7608 1627
25 1717 1595 429 4777 7621 2774 9267 886 7195 8939 9694 3108 4815 2792 4389 7963 6118 6196 1506 195 4664 9912 617 2561 9700
31 9168 3856 3260 6032 3347 4394 3420 3156 5023 3863 2897 2416 3136 3441 9453 7909 2945 1780 2402 2490 2742 2317 2374 5341 695 2812 7810 3583 6184 2781 4188
27 8220 5535 8903 4650 9175 5226 4739 7016 675 1258 8848 9149 5508 6225 4892 5198 9177 604 6768 9345 1748 9028 1018 1479 1629 1522 8629
29 9049 8267 8927 9930 9033 1961 7891 7755 8476 5770 2463 6829 9217 264 2256 407 2070 4924 1992 765 9496 1912 7048 8554 4688 9774 5717 7908 2084
28 3387 7511 9951 8083 3702 3755 216 1784 2613 6344 4822 2502 3464 8550 9617 5484 5614 2246 8496 5722 3626 8985 4741 616 9463 3202 1001 9204
30 7418 8339 6459 931 2053 7691 1411 4457 2183 1158 54 2188 1371 6780 1929 9118 4471 2125 3639 8034 1366 3690 1230 9271 4013 632 251 378 4940 4916
27 9159 6543 6796 2472 4249 5360 8423 3487 1226 2255 2720 71 345 680 2369 5299 5541 5236 7093 3549 1850 4022 8474 2953 47 5551 900
28 4078 5557 4122 2228 3380 8681 941 5159 5879 203 9908 4101 9222 9381 9047 7438 2319 4618 6132 2461 9468 4908 621 9828 7843 119 4014 4171
25 175 1143 2442 4219 5117 1787 9546 1433 3340 8917 1002 3131 8390 863 7171 5731 716 8868 6107 4816 1989 4155 1181 1697 3386
30 6423 8948 8778 9428 5166 9585 5587 5975 4163 4153 6849 3356 3685 3028 2981 802 3799 255 5038 2941 2592 279 1510 5902 1546 2063 1815 1939 9723 224
35 8995 8724 9692 7448 6992 1192 9956 4715 5999 3610 6427 9107 2961 2132 4833 2412 3635 3807 4420 533 2872 4750 5081 4609 1565 1757 7504 1663 3990 9198 4979 4608 65 6513 694
28 207 4662 8513 3264 3331 7728 43 9289 789 9634 4140 1182 4147 58 2949 299 1336 2684 2272 9429 8705 7716 5892 4810 8485 2885 3663 9255
26 4935 7611 5516 9097 3443 5228 7541 4589 2947 9127 301 3127 5820 5652 7932 5399 7083 6987 2159 8344 2905 8770 2881 6149 1793 9604
29 9014 7222 2777 8464 6348 2468 8831 9975 200 3908 4728 5292 9367 3723 4737 2231 4094 875 4554 6831 9210 9652 6103 8535 4877 3959 4058 2504 2107
31 2851 8561 8404 656 2012 7161 6445 5945 8865 6990 7927 6567 4130 9750 5905 6060 5330 6448 7124 2108 7365 5816 5111 7250 9205 2694 3208 8516 1464 2985 4690
25 102 9417 5555 8547 421 8910 9184 4083 3362 1166 7300 9501 4011 9359 9668 3073 9525 2974 9663 8635 5445 2926 2211 2487 3769
25 78 1247 9685 3462 4622 2677 8176 7777 87 1189 8573 5411 5220 7310 1906 8684 8825 1362 8014 8902 1728 8559 4762 4345 7348
29 4768 811 1756 1283 2918 3090 739 1516 8808 2808 5000 1489 5367 5015 6483 6706 6492 2521 9922 4987 5267 5094 7669 543 1443 2778 5536 6561 9154
32 7584 7205 4166 1407 5520 6481 784 2295 6826 4642 6218 2001 9126 6705 1069 9628 412 6757 9325 8720 4991 7959 1478 6241 1297 8747 9865 7386 2616 5481 341 9212
24 9888 5613 3579 434 7158 1243 8377 3715 257 3194 6378 7346 6439 9469 3085 1624 5414 5172 5776 6022 7791 9586 7593 511
32 9435 4349 1468 8134 2042 1059 2049 343 745 2310 3018 7610 4544 8801 5259 1667 9355 2245 5498 9162 1649 4854 8785 7452 3977 374 1957 3547 3092 950 7655 7641
29 2209 23 6610 4169 3149 5263 2168 1257 6554 9955 4950 5512 8904 8689 4243 2033 2551 9931 6362 9169 444 2164 5708 3052 8059 4463 2991 5275 2925
29 1574 5583 7351 8074 5829 2126 5368 385 6215 1671 9056 4435 9051 3199 2171 7831 3525 6940 2227 8626 4211 2455 6926 2729 2691 103 8187 8360 7471
26 4189 446 3582 7625 5883 5857 6652 550 1360 1292 4919 8279 1866 9297 9534 9867 9985 1901 6144 6501 4790 3998 7463 448 2493 8180
28 8946 7343 7689 2971 2323 4730 7538 9310 4263 1676 2011 529 7150 5800 8475 7558 7218 3615 4770 6372 2932 160 3066 7121 3457 2814 7996 2518
28 934 2996 7984 6046 5585 397 4969 5315 3069 1526 5291 2408 5847 6915 8378 2060 274 2315 4482 5986 3012 7530 8633 818 6637 2594 5562 6279
29 7426 9054 3656 6363 3744 6280 9395 6186 323 5904 3280 1228 2699 9739 8185 643 5956 9776 5468 867 5363 8388 6273 1287 1634 4600 7966 2099 7688
24 9189 3665 2069 6117 676 504 3300 8004 5238 6997 1919 1406 99 1887 4572 7786 4709 9682 8169 1790 4631 6490 1739 3642
30 1141 5354 1359 6258 4529 6580 4350 901 7955 1290 2610 1962 3393 8348 2326 635 6078 3552 6476 7732 122 6194 6592 4265 2405 717 4702 8024 1473 9827
33 6229 1712 3324 2305 6620 2013 5901 8442 5446 8645 5183 5407 7409 7767 5124 4547 4081 2893 1876 6306 884 1656 6199 1476 364 6517 2282 6248 6366 4695 8715 3006 9895
27 3153 4896 1250 5683 9599 9892 9324 4997 1349 560 7432 228 3011 2759 713 6453 7591 6736 6381 1157 8748 8104 7440 5882 5780 2291 8307
29 4466 5595 1037 6889 5423 3122 9745 8460 1555 7062 878 5347 9068 6892 5114 6726 2727 4191 1623 6695 7398 4154 5437 9022 7517 4380 4461 6587 233
22 4052 2649 3476 7151 220 2489 720 619 4945 6145 7884 5606 278 4207 6050 7225 7956 723 5380 6325 624 2630
29 1048 8730 9695 7458 7650 7870 6764 3176 2068 3434 3975 2859 3926 4748 3401 7013 6518 7813 1265 4372 6270 410 9879 8965 8197 4947 6633 3857 8909
31 2805 8579 7708 3682 1325 7147 9391 4231 6752 9848 1064 2689 391 6287 4565 9833 1467 3942 1392 8087 2492 9316 6957 4558 898 7754 1576 7107 6881 6564 7652
26 3423 8653 6928 8833 132 8111 7878 3185 8316 5100 9545 4410 7893 2372 7499 7217 8271 4439 1475 6723 8772 3943 1937 3796 8640 9354
27 6950 2864 9756 1964 4655 2801 9753 1028 3865 5297 1709 8455 9434 3944 2982 1840 4470 4842 4886 6608 8411 7666 7125 3041 3328 8062 2155
28 5919 4801 688 7395 544 817 5460 7430 489 2637 4550 8638 6412 9593 2539 5828 2682 8341 4756 8519 4035 4653 6568 1107 1731 6011 6008 5418
24 1572 9038 3937 6093 1205 2736 2664 473 6473 3105 8159 4667 1261 3463 3512 9465 4763 8856 8030 9950 181 2959 7174 1665
25 6392 4469 1035 3911 2037 3412 1917 4174 7466 4564 7312 8901 7514 6288 772 3000 9369 2336 1930 8935 4981 769 1540 6173 6090
27 4960 1764 3128 1822 4628 5925 7278 7869 9375 2928 1244 4161 4332 5594 5389 9875 4491 5979 7904 2421 826 1108 8203 192 6823 265 3595
29 8097 4581 9257 1491 3302 2755 1562 8958 4089 1120 1837 7771 7766 5018 865 5817 337 9570 3869 7040 5605 8091 2529 7498 6713 9563 8928 3403 2894
28 9371 68 2145 3405 232 4703 190 6584 4864 7473 3273 3134 9844 32 3786 9400 4033 1351 2700 8817 6122 3750 8188 9886 1333 6762 5789 447
33 1769 3611 3533 256 9785 6681 5671 3625 3802 4898 6707 9809 4402 1401 5067 733 3068 8367 6528 3342 7170 7085 142 4209 5120 2559 5173 7542 8236 2829 4256 9799 973
34 152 3632 9868 5206 2599 4250 6485 3091 435 2679 2722 2909 868 3392 3817 1934 6684 2615 2671 7200 3109 8041 1400 9532 1534 2655 5305 9074 8637 427 8880 3072 6842 9768
35 660 9031 4766 7173 8829 338 4093 6703 7359 5700 6188 1622 8889 9372 6352 7043 2424 693 3978 633 803 1502 1823 3395 4968 3426 2491 3930 1943 9293 3218 7926 4923 9404 3767
33 6808 9446 9584 5815 8714 4076 93 7489 8581 2624 1545 532 7824 9057 4132 8963 3894 9252 5076 1088 4103 2118 9946 7547 4626 9775 9610 8818 9766 7746 5633 2902 6246
26 4071 3505 34 1275 3696 6027 4395 3934 6160 833 4914 6024 8915 1094 2185 6530 2216 1619 3397 4848 4733 5560 5809 5491 4516 2388
30 6424 8546 6687 9459 3259 7668 1414 2908 6979 5277 4272 1557 7983 567 428 3889 6048 834 9779 342 7945 5011 9063 1997 9978 1626 860 7371 8132 9982
28 5057 3492 5008 6959 7120 8053 1515 3479 2158 8042 7743 4062 8369 1920 7740 5230 2581 5741 4812 5335 668 6774 4416 2498 8959 7270 3529 2497
26 1587 804 625 5336 4067 906 9751 873 606 6205 2322 4247 6800 8931 9309 1142 4109 3928 3973 8452 1251 1162 2796 5685 7315 7215
28 5046 8472 4765 6890 144 3951 5797 6244 1167 6331 313 1754 5417 6836 6450 7172 7676 2723 7507 9938 366 4462 752 7713 2749 8374 9349 8470
26 8849 8453 2381 1125 8565 4455 5713 5022 6359 5301 2802 9821 907 2675 539 9707 7615 8029 9266 4670 9275 4075 889 2329 9555 9138
26 9111 1831 9568 1049 2036 1131 1770 1354 4095 38 1630 2066 8066 8601 3616 5485 2133 9783 6035 2361 7182 2025 6867 3308 6320 6663
28 13 1204 7946 8851 5881 7416 5448 167 5163 5570 8486 9548 6310 8038 1413 4610 4541 7041 329 6923 9945 3447 2250 4905 7705 9064 9697 7917
30 6197 7566 7694 4607 7865 5506 8993 6824 9420 9110 4127 4869 5352 387 6187 3220 1068 3400 7585 3031 9897 6870 7434 9503 7052 859 1881 2143 1653 6787
27 4764 3534 2570 9382 4005 236 7379 2601 8211 6666 7672 334 6025 339 1507 6380 5037 3891 5923 176 9265 6694 9536 1580 1266 2907 9643
30 7937 9538 2890 6635 5826 8575 1547 7915 8076 383 1602 8477 9482 1972 8436 8490 7763 8972 9659 2022 1384 1514 6560 3141 2264 7677 368 1106 6061 6405
29 9714 9594 2795 2916 3557 2519 9665 7944 1932 107 7405 8588 9442 1849 8815 1796 6508 6716 2549 6714 4836 6443 4781 4536 8789 442 6377 8240 6121
28 4974 4503 6493 9115 6746 3001 7467 2194 7835 2986 2913 3416 1314 8422 1488 5806 2307 4143 7634 8467 9036 4038 6222 12 3522 7997 5681 5921
27 3590 8286 9891 1217 6099 2232 9436 400 5781 1915 9655 259 5265 9935 1173 4555 4648 307 6247 151 6636 8510 4961 8731 8037 7460 1445
31 602 2803 9591 1186 5115 3866 6211 9235 4880 1193 6472 8122 5404 3360 3893 143 5075 8990 2445 2087 3255 1335 3725 1687 7073 7734 2862 677 7900 7294 5561
30 9321 9328 4759 4099 879 408 3669 6393 2039 525 1683 3379 7039 39 5219 5972 95 1122 8276 1910 6219 7211 9649 217 5155 5101 8846 6798 3868 5723
30 4141 8504 5903 3987 4046 678 4942 250 6361 2142 8289 8245 7213 8345 8384 9024 3939 9471 3263 2861 5203 6548 876 2340 9572 7164 8487 8539 2809 8670
25 7576 5476 7867 7667 393 499 5969 2176 5514 9983 1262 664 8860 2290 3244 2598 7821 2210 8045 8533 5711 6203 637 946 496
24 570 9561 2524 9515 238 2238 5772 4229 4201 2382 2428 5971 7737 5123 7624 9088 1922 5088 8323 2269 41 8583 7187 6906
33 962 3562 7337 188 1421 229 3716 682 9936 5274 3912 925 3850 353 2826 6665 7962 4351 6220 3567 3571 3088 7762 5164 797 186 2383 3014 2357 4257 8589 1954 2661
26 7883 7648 9974 8957 134 1149 1609 6609 5327 2148 3317 5720 4072 1567 2740 7999 9920 1775 423 2079 2884 2328 3157 9113 1079 4594
29 4065 8934 9592 1465 7607 4454 6690 4844 2548 4456 1544 1103 6786 6617 9487 4861 6949 4668 1077 757 4409 4999 5677 3936 8244 7089 6737 6656 5392
28 5465 3782 477 5949 3318 1342 5278 6268 995 1168 6651 331 7620 9060 4676 2224 5755 5628 8291 8 959 1827 4624 6293 3988 5280 3748 9741
29 7633 7179 1067 3268 2343 6822 8970 7960 1836 9733 6385 4497 9218 2404 3646 8355 8190 9209 2425 905 348 1273 3140 3864 1005 6076 6704 852 3059
29 7662 6330 1312 5134 2535 1462 5610 6286 6919 8458 5311 6999 3124 2121 9279 8630 5842 1886 6387 4853 9432 1987 3206 7687 3459 5261 205 9786 9932
30 8099 7794 1842 487 3524 4123 2838 8463 1679 9973 4374 1960 7001 6895 2015 2708 4843 2447 6343 6789 4928 4225 8382 7224 1841 4228 6308 6161 6435 85
28 9488 8698 3482 5377 16 8237 9242 6411 311 3167 3110 1524 9490 2645 3692 5026 5174 4453 913 7017 9657 6981 2962 1765 9778 2716 9410 5707
29 4753 7545 8026 3762 2339 2058 9238 3439 5878 620 3794 67 4045 3446 1171 8129 1346 536 923 1426 4863 2222 3023 1375 7991 8750 3030 6843 5211
31 7914 7256 3756 846 2152 7698 8130 2358 4975 5177 8005 5802 9690 5530 7345 5830 8639 7588 5716 8942 9276 4085 8259 9083 5620 2579 8802 3239 3734 8978 6952
34 8346 9166 8875 5855 443 8257 5138 2136 2207 5429 3670 1319 3819 7077 2114 5947 5727 3886 5447 9717 9174 1741 8300 6333 3338 9259 607 5538 3649 2088 5948 7474 7422 1921
27 7148 9662 227 5898 3350 9640 1639 9393 1307 6069 6138 1585 2743 5943 5394 8702 3222 5458 8301 8806 7827 9948 6324 7156 491 5930 8696
26 3363 1788 4170 1809 2212 8746 630 9457 6300 1219 2320 7032 2316 9414 1552 14 5958 9262 8054 4206 9715 2751 7544 3197 1928 2565
31 4322 8502 275 7787 9236 3323 3266 8266 9989 9415 6572 7875 8943 4720 2852 9792 8787 9292 3409 618 7428 5931 6803 748 9318 7618 3196 8305 5970 1212 7414
27 7427 2146 4980 5771 8431 2876 5566 3898 9027 5706 2301 5875 8263 7105 5412 9365 947 6758 1338 6505 97 9639 5872 1978 2776 6810 4901
30 4804 6227 3860 7439 170 5940 1604 8572 3604 8528 8493 3313 7082 7645 2685 189 6398 4488 9830 3327 8303 6984 7819 7902 3224 3588 7508 8225 8898 1651
28 5777 8073 5895 2352 8320 5167 6854 4640 4641 3565 822 2389 7104 8148 1606 5422 2596 1729 6886 5922 4613 1277 1682 6784 6722 7399 7165 7527
30 746 862 7309 3698 6150 571 4867 3205 3192 5293 6015 8258 3364 5694 4825 3622 9464 157 2287 4149 8847 744 7208 776 2356 296 1061 415 321 3555
28 4852 6021 3765 6231 5658 5868 8410 674 5821 7661 5501 8967 5974 5122 6629 775 6884 2321 6527 1087 4208 6679 3559 3729 4020 8416 3872 9847
25 654 766 3005 6113 4084 3118 33 927 841 135 8153 9497 9311 2845 6451 1736 8321 2112 5623 267 9374 8555 9698 5054 7774
31 138 6671 8592 2858 1737 9963 3881 3541 9533 8249 5704 7091 4515 5691 3054 1457 5746 9103 3638 5853 1379 7095 1041 1372 4150 2422 6901 5734 2670 2530 2367
34 1965 1191 6200 5865 1024 2633 4636 5693 8285 7840 1725 4370 1096 4504 6954 3705 1451 7088 4230 9794 4538 3884 2726 7825 1722 9114 7465 5765 3424 3940 4872 788 362 1766
32 9543 3968 1734 6699 1220 9719 1542 7866 4205 5757 4900 9260 8668 2590 140 4425 9010 2165 6591 2324 4819 4404 3945 5099 3561 4176 9342 8708 5548 5317 9607 5273
27 1577 4259 6155 5598 3411 9549 4069 6902 9437 6277 3825 8222 2576 4669 9419 5098 244 827 7933 5657 3214 6013 4291 5032 340 5953 4331
27 8057 8085 3171 2479 171 8991 1222 7356 3500 5055 4431 4689 6129 2903 5072 4240 2174 7940 469 6911 5764 77 5937 6028 3024 283 3952
33 9988 3247 4238 8503 460 6444 2775 4597 6112 4630 2061 9254 5547 5279 5442 4599 1721 1135 3672 7206 5272 6054 6004 6401 7391 8202 3084 2533 8981 3168 4552 9650 7899
26 2265 9470 7331 2201 5348 3741 530 3648 8652 4168 933 2780 7663 7623 9290 1221 9674 8563 9656 1529 7520 6745 6059 8918 6546 419
29 1386 476 4318 3367 4082 7361 8646 3341 9883 8224 5983 1589 1701 2704 5268 6204 583 6336 3372 6525 2438 146 6489 1374 1951 9934 2737 2456 1993
28 1109 3720 2583 665 6275 9874 7719 8620 1525 1427 3546 3515 1933 858 3065 4776 2564 6083 3394 136 3053 6593 3351 9476 2448 3664 4540 5644
31 2378 816 5209 3560 8693 163 9229 4444 8655 1852 9970 4281 6460 4601 1418 6772 6594 6807 2047 9896 9016 3843 7451 4426 3045 4352 5489 966 1367 3634 5453
27 3123 271 1926 6313 1042 5759 2983 2274 7671 1980 9815 9689 8335 6114 6044 169 6802 8804 9644 945 8071 6066 3081 79 8891 3826 1185
29 2672 5524 9740 5941 9787 1499 5308 2873 6007 3281 6436 6708 7122 310 5600 3568 2006 6376 1156 1058 4245 2199 5686 6201 566 5543 7837 4254 5738
23 5500 7606 2874 1398 9721 1344 4017 790 4657 8769 6182 5767 700 9513 4787 2192 8212 269 821 1877 8776 1345 1397
28 2417 8566 1080 4976 1804 9406 4190 9376 5951 8144 3310 6298 1145 3920 1819 6930 1918 471 646 1743 3933 2363 1974 3527 652 9422 7839 711
28 8709 8590 2933 7295 684 6267 8914 8322 9363 4019 5137 1056 1452 6338 6963 7823 8016 9396 4731 7954 7263 7967 8672 9347 9968 5007 9481 7364
28 5062 6557 6720 4996 9408 8766 2782 3348 8441 204 8089 7560 3759 5048 1137 2979 4438 3408 326 3666 4876 2773 3994 7717 749 7223 2879 1635
24 1641 7397 8049 3671 5323 541 1802 5856 1419 9502 2923 9300 7702 8051 1047 3293 7964 8600 5995 9819 5386 5507 1946 722
33 8551 4878 1768 8120 7528 3346 3040 1420 6740 7812 4262 6586 8832 9187 782 7114 7184 2821 6009 7353 8491 7262 8086 6458 9245 3133 1031 6478 5813 9071 1235 5690 3227
33 4077 4397 5324 2399 2573 2051 3292 7637 8790 996 7316 7304 5192 8616 6368 2811 8761 9232 1616 1654 9626 8138 9746 1200 7092 1646 4912 2545 5665 9353 5471 2516 2668
30 7324 4338 1100 1558 6766 7286 6622 9272 3520 4938 1259 3078 2946 6388 5152 1517 112 5493 3329 7283 454 1159 1699 823 1454 1820 937 8774 3913 9914
30 4398 3240 9887 4060 4807 6864 7367 5724 4639 7369 902 9220 9885 2286 4047 76 1870 4417 1853 4378 4693 1848 8269 3029 9550 7595 6415 3589 3580 6164
32 666 3209 7096 8434 2205 2963 5181 9773 2429 8897 4524 4079 5036 4990 4696 1847 1719 3605 6323 9596 3325 9701 8457 4528 542 3910 2095 4973 7261 8270 4235 75
24 3511 8027 9761 4495 3297 7163 8238 7190 8008 1303 7712 5379 3301 2219 2111 595 4133 7749 6108 5575 3946 8105 1327 2149
28 3815 5467 2005 3735 1758 4314 5619 5376 141 1971 8862 7928 8145 4985 9185 3747 8295 335 1702 3738 4849 298 6782 3354 2119 1211 3188 592
27 6603 8415 3867 8820 7381 6643 4621 7981 4483 7330 2426 5894 6878 9334 2348 9122 3740 3594 463 2127 315 6602 6631 6833 7968 8216 7341
26 2182 3316 6351 6753 9356 150 2562 5119 5509 3055 3241 6291 4177 4434 5205 6967 3077 6373 4859 2109 1685 7453 1800 5569 2067 2296
28 4760 9814 9445 7115 3322 6677 6123 8577 4446 3286 4212 5451 3132 9299 1391 386 6487 9749 8473 4675 2553 2376 4593 3015 2712 3101 4685 2791
25 445 2198 7329 9621 1016 7259 9504 7605 793 9562 2355 2967 8780 7159 5003 4056 7241 28 988 9569 7972 1119 6305 8945 9163
33 7828 6770 1818 4311 7249 4627 1245 4048 2917 5369 4500 59 6773 3543 3269 3271 5978 1376 4742 6043 4198 3087 6848 8647 4681 399 6818 2054 6821 3381 9882 6088 6207
30 3236 5388 7496 8118 1520 1178 5058 2574 9986 6562 5168 3481 5413 648 8755 6010 1936 2970 4549 4164 7027 46 3874 2089 828 8836 2214 5593 5729 4585
31 9282 7402 4717 4050 6868 908 1412 4358 685 9798 7268 9871 2004 9672 2741 6350 8867 7248 7023 6193 1343 1617 8157 9623 2115 1404 2268 6883 2969 6732 5988
22 9925 726 6754 6556 7349 4145 7336 6098 603 7035 2508 830 7064 488 1019 485 4360 9863 8987 5844 9403 1298
26 4473 5147 352 2836 667 952 8937 9898 2538 6918 5998 9287 4862 8713 1050 8495 4451 3600 8342 8622 7281 2571 4699 5915 5991 5885
26 5798 3288 534 4757 3050 8584 4137 5861 5603 3955 4658 5108 522 7307 2951 4740 7410 7314 3017 7034 8719 4449 5571 9642 9161 8392
32 9215 3235 3051 7699 3907 1740 3019 8737 3465 8274 6276 893 6862 3020 7989 133 3828 5104 4700 8028 5150 3714 6131 9449 1086 2927 6929 1385 7029 9438 212 2338
25 6669 1807 7191 5313 8500 6163 5687 1000 3982 3415 8864 5006 3470 2663 3539 9386 9048 137 6771 2434 8736 4517 3355 8744 7887
26 2993 3628 9441 3501 4327 1644 1441 5670 3711 5012 991 8976 1490 1905 938 514 8900 3475 8021 8079 7301 3706 9025 5678 8479 8636
31 7995 6482 9669 4587 9329 8873 6793 1603 1301 6531 9812 1908 3454 2998 5808 9681 1511 4522 8133 7578 7333 4269 1274 1202 1447 9170 4479 5667 1350 7907 7492
31 6845 377 8440 5127 1152 1165 2644 4387 4194 4542 4064 5249 6809 8807 6540 9011 1161 5617 3776 1043 6023 6468 1979 8065 5286 2964 8241 5231 5736 9431 4678
32 1472 474 523 4808 7922 7323 8765 8798 8641 1118 6357 7776 4136 7838 6082 7809 6072 388 6400 5927 8161 6383 7254 8136 735 6797 2567 9080 9904 5374 1559 8932
27 9155 8543 2140 5082 5863 3182 8256 431 5189 2763 9910 5533 9043 7238 4080 8996 5186 3773 3809 6126 1183 7360 9069 9900 145 8514 9478
27 3256 1437 2000 3932 653 3225 1898 2960 6233 718 8437 1044 1188 2237 5646 9852 3820 3046 7495 9638 9193 3098 5527 8501 371 518 9969
26 3145 8184 8523 3772 9732 5612 4227 2167 8791 1098 8215 3721 7290 8124 6977 4406 840 8973 4982 9840 351 4984 5926 4998 2936 7010
26 993 7704 9336 9506 1608 1430 8569 3882 1082 6263 972 9247 7007 9959 6624 449 4492 3885 6678 9711 4283 8556 7647 4274 6157 1648
32 9340 1833 2698 8447 8356 9606 5333 2395 2258 2375 4134 3215 9274 7415 7407 1329 1405 6701 6670 2484 2639 1201 7535 4041 9539 7228 7074 6499 8068 9388 8964 4329
29 558 8568 9366 5553 7020 462 2236 456 9380 8627 4363 8131 3402 7377 2397 5428 5909 3344 903 5573 1480 742 7571 4216 4173 814 8218 6974 4659
25 2452 1424 6819 8234 8526 8518 5763 7037 8296 394 6951 1046 5982 5199 7975 3621 9199 6645 1982 316 3352 2093 240 3645 6625
30 671 1387 8586 6237 5726 2106 6538 9006 9976 4293 8035 7344 6873 9796 9893 4868 4911 5444 3900 1072 6917 349 7868 9924 4196 7731 3349 8548 4789 2980
30 4661 8644 9157 5914 2244 8261 9937 5580 2334 3647 5028 4533 6811 1249 6644 6104 248 7710 5630 5338 6081 7905 6260 344 7858 9023 8484 7817 9544 7820
24 4616 1348 3312 7230 3536 1575 6437 9954 7761 3606 9651 3812 8254 6432 9981 7168 6514 5743 5753 9486 149 8782 2807 6055
30 2636 4805 7380 1505 8966 6727 6212 1882 2477 2955 1564 7423 2020 4583 8338 4902 5056 1611 4357 1582 6896 1945 2934 8433 8363 8061 7772 6969 2134 8799
32 7822 1896 810 3044 6102 1855 738 4313 3997 7768 7338 6470 9990 5510 615 199 2076 4428 7005 4317 1713 8707 1806 4663 9176 7306 7551 4061 7923 1369 2901 7260
33 395 4433 7335 8949 2752 294 4948 2531 9133 5425 5597 6318 3490 9072 4294 8137 5752 6998 6512 355 6314 6034 6605 4308 5381 5091 3800 6311 3653 1607 2075 6390 6135
33 8407 6062 8492 5564 336 9286 6016 5499 6389 2027 6535 6037 753 911 3923 9923 3495 9507 4232 56 1584 705 535 9578 5735 8905 2883 581 1967 8353 2215 2956 7417
30 9872 2550 4066 4751 6382 9627 7327 9725 6944 2843 594 4519 8507 5782 1358 998 3927 6353 9709 1286 3976 3969 1355 7302 5792 783 6040 8803 5618 2406
27 6190 8364 1285 659 375 1612 7800 5748 5235 1089 5793 9332 2276 8142 3963 2312 17 19 4606 2764 3591 1669 8779 7518 7726 5257 7534
25 2823 1377 1330 4151 7769 4323 4874 2552 161 123 2546 9119 7912 8866 7133 7783 1696 9859 8648 3112 4459 2308 3083 4586 9724
27 5552 750 552 6925 7482 4302 5170 2281 6860 4579 5083 6581 709 7118 3175 2869 3499 6905 4475 6469 8340 6903 6209 1716 730 7938 5065
31 1753 128 9224 3764 6255 208 1750 7880 1194 5568 1799 5441 430 2730 1504 999 3359 2113 6792 2208 1332 3689 2566 8742 37 4531 2572 9398 8585 6240 5208
23 6638 551 8327 4933 9462 117 7680 3262 6252 7589 4602 9616 4027 241 7141 6589 6031 708 661 2938 6303 7424 5987
32 8595 8121 1670 1983 2512 4 82 1659 6710 91 7317 5496 3835 3191 8350 4713 7199 5695 3370 2695 8843 1652 2898 2831 7665 6799 8520 6828 390 8290 2349 2659
33 2652 8545 994 1196 8797 3064 2239 589 572 5457 980 4289 5068 5906 1023 6386 8509 2010 7053 5539 8396 6058 7098 9142 890 5992 8427 5719 4366 1981 8011 7470 6898
32 3233 1824 6347 498 3410 1264 9165 690 3904 1821 3532 1680 5699 5689 3382 7491 4280 9810 8614 2299 5554 260 9313 2575 4267 8112 2976 6972 9474 4714 1791 7722
31 3902 3075 8394 108 130 9484 9537 7441 4385 9531 2230 9526 6456 3314 8352 4371 6611 6628 7143 847 1090 5321 9298 2621 5518 9686 7730 6153 1550 5897 6835
27 601 5383 1365 3385 9052 1241 7087 2608 4692 8251 1083 392 3277 5803 9455 7757 2798 226 8331 9230 8735 2588 7505 20 5609 5021 7272
30 8315 1040 4937 4560 73 2298 2021 6329 5382 2647 8844 3686 4448 1664 5737 4106 5131 549 1561 4234 8738 8706 2046 9710 9041 8658 4354 3540 4712 6413
31 9742 2496 4994 3598 5171 5478 9495 7468 8593 5592 3563 986 1553 557 3096 7515 131 8960 5295 5060 6020 1008 7198 8676 6254 6335 9633 3840 6038 8351 5666
31 9284 3929 8227 4535 9123 4629 8992 8754 9315 2950 1777 1370 7097 8878 2878 3368 4855 4373 8283 955 5825 4719 9911 4233 6370 5873 6139 6838 8081 7319 3071
26 9211 7639 8870 7752 627 1236 2748 5639 4831 7942 997 7701 7859 4312 7221 8171 4399 6140 2787 5449 7857 4850 5629 2848 4674 5178
26 8090 3452 598 8277 7406 4472 5312 8182 6715 715 1988 1436 673 4277 8095 4244 5651 7582 8361 728 6342 8393 9253 8146 7246 4881
26 7609 4944 3707 9590 4673 2687 1620 3989 2052 4823 4179 3003 2077 7778 6877 6417 9480 7550 7565 4537 5599 1254 6783 7852 6947 7368
31 1466 1938 9136 5185 8063 4009 7436 2129 9059 4004 7038 9203 6989 7958 4379 2080 4617 1063 8288 755 2602 8703 579 3823 7658 8243 1958 6360 3345 6650 519
